learning evaluation instances,evaluation time (cpu seconds),model cost (RAM-Hours),classified instances,AUC,sAUC,Accuracy,Kappa,Periodical holdout AUC,Pos/Neg ratio,G-Mean,Recall,KappaM,model training instances,model serialized size (bytes),ensemble size,size of class 0,size of class 1,[avg] model training instances,[err] model training instances,[avg] model serialized size (bytes),[err] model serialized size (bytes),[avg] tree size (nodes),[err] tree size (nodes),[avg] tree size (leaves),[err] tree size (leaves),[avg] active learning leaves,[err] active learning leaves,[avg] tree depth,[err] tree depth,[avg] active leaf byte size estimate,[err] active leaf byte size estimate,[avg] inactive leaf byte size estimate,[err] inactive leaf byte size estimate,[avg] byte size estimate overhead,[err] byte size estimate overhead
1000.0,0.140625,1.7209677025675775E-8,1000.0,0.8804591836734694,0.69438279622379,0.994,0.839055793991416,0.0,0.02040816326530612,0.8935140440635365,0.8,0.7,1000.0,473056.0,15.0,0.9997704278045874,2.2957219541262777E-4,1294.1333333333332,35.91431602074711,3472.5333333333333,1094.1693435574552,1.4000000000000001,0.828078671210825,1.2000000000000002,0.4140393356054125,1.2000000000000002,0.4140393356054125,0.2,0.4140393356054125,0.0,0.0,0.0,0.0,1.0,0.0
2000.0,0.21875,2.6776267784751128E-8,2000.0,0.9984869387210182,0.9237648977659947,0.994,0.8815773891761735,0.8804591836734694,0.02354145342886387,0.9969246467408792,1.0,0.7209302325581388,2000.0,473336.0,15.0,0.9907087284633016,0.009291271536698372,2546.5333333333333,48.86112487253557,3491.2,1134.5536063643206,1.4000000000000001,0.828078671210825,1.2000000000000002,0.4140393356054125,1.2000000000000002,0.4140393356054125,0.2,0.4140393356054125,0.0,0.0,0.0,0.0,1.0,0.0
3000.0,0.265625,3.303688976706731E-8,3000.0,0.9954740891604436,0.7358544002685475,0.99,0.7171305725277214,0.9984869387210182,0.018329938900203666,0.847670289478806,0.7222222222222222,0.5081967213114745,3000.0,516272.0,15.0,0.9996242808058097,3.7571919419042096E-4,3753.3999999999996,67.86835997513333,6328.000000000001,1236.0305127995136,3.5333333333333337,0.9154754164341269,2.2666666666666666,0.45773770821706344,2.2666666666666666,0.45773770821706344,1.2666666666666668,0.45773770821706344,0.0,0.0,0.0,0.0,1.0,0.0
4000.0,0.328125,4.1933478011439255E-8,4000.0,0.9954747267759563,0.5893208909076864,0.991,0.786162326553887,0.9954740891604436,0.02459016393442623,0.8407626481957277,0.7083333333333334,0.5764705882352935,4000.0,550232.0,15.0,0.9809104296487497,0.01908957035125025,4970.8,69.24201862205601,8572.8,1763.8627740599,5.133333333333333,1.1872336794093277,3.0666666666666664,0.5936168397046638,3.0666666666666664,0.5936168397046638,1.9999999999999998,0.5345224838248488,0.0,0.0,0.0,0.0,1.0,0.0
5000.0,0.40625,5.3777605191701E-8,5000.0,0.9943666505713826,0.7040176566988036,0.991,0.7759187331939047,0.9954747267759563,0.019367991845056064,0.9148523226465188,0.8421052631578947,0.5673076923076927,5000.0,586024.0,15.0,0.9999985796185353,1.4203814646222625E-6,6211.200000000001,83.0492108847004,10938.133333333331,2521.6347834197527,6.866666666666666,1.7674302033770737,3.933333333333333,0.8837151016885368,3.933333333333333,0.8837151016885368,2.8666666666666667,0.833809387832792,0.0,0.0,0.0,0.0,1.0,0.0
6000.0,0.453125,6.103881686511968E-8,6000.0,0.9990807978674511,0.8700467749059493,0.995,0.8123686580606431,0.9943666505713826,0.011122345803842264,0.9974689911325468,1.0,0.7391304347826084,6000.0,598784.0,15.0,0.990761329804114,0.009238670195885897,7392.599999999999,97.28294520917538,11780.800000000001,3385.3152459240355,7.533333333333333,2.445598573141631,4.2666666666666675,1.2227992865708155,4.2666666666666675,1.2227992865708155,3.0,0.9258200997725514,0.0,0.0,0.0,0.0,1.0,0.0
7000.0,0.515625,7.092053743286267E-8,7000.0,0.9985484972677595,0.8168641182564533,0.993,0.8591662642845648,0.9990807978674511,0.02459016393442623,0.9549715327774438,0.9166666666666666,0.6474820143884897,7000.0,611160.0,15.0,0.9794099284481672,0.02059007155183268,8652.199999999999,100.96335969053334,12599.466666666667,4253.456239454261,8.066666666666666,3.0110906108363245,4.533333333333334,1.505545305418162,4.533333333333334,1.505545305418162,3.1333333333333333,1.0600988273786194,0.0,0.0,0.0,0.0,1.0,0.0
8000.0,0.59375,8.343566959309911E-8,8000.0,0.9991306867574616,0.8435604394090063,0.991,0.7524480140829568,0.9985484972677595,0.014198782961460446,0.9954256431061774,1.0,0.5294117647058807,8000.0,619224.0,15.0,0.9988027394676147,0.0011972605323853102,9856.866666666667,111.71511386856584,13131.733333333334,5011.658058491032,8.6,3.8692930325097596,4.8,1.93464651625488,4.8,1.93464651625488,3.2,1.2071217242444348,0.0,0.0,0.0,0.0,1.0,0.0
9000.0,0.65625,9.367582000171146E-8,9000.0,0.9989615784008308,0.8828873212937428,0.996,0.9452909155565282,0.9991306867574616,0.03842159916926272,0.9848562862272565,0.972972972972973,0.8105263157894732,9000.0,633328.0,15.0,0.9917717392235169,0.008228260776482933,11159.533333333333,117.9545110060089,14064.533333333335,5622.762283365543,9.133333333333333,3.9617216074881,5.066666666666666,1.98086080374405,5.066666666666666,1.98086080374405,3.2666666666666666,1.162919151265879,0.0,0.0,0.0,0.0,1.0,0.0
10000.0,0.703125,1.0138814104720952E-7,10000.0,1.0,0.9167010174551199,0.993,0.8170604223290818,0.9989615784008308,0.016260162601626018,0.996436741023628,1.0,0.6601941747572805,10000.0,635984.0,15.0,0.9999897929070238,1.0207092975995525E-5,12318.800000000001,125.27010816631383,14239.466666666667,5859.21805932043,9.399999999999999,4.222389303293981,5.199999999999999,2.1111946516469904,5.199999999999999,2.1111946516469904,3.3333333333333335,1.2344267996967353,0.0,0.0,0.0,0.0,1.0,0.0
11000.0,0.765625,1.1214996144796412E-7,11000.0,0.9986867065518751,0.8567845079355618,0.994,0.8665183537263627,1.0,0.021450459652706845,0.9734047989264704,0.9523809523809523,0.7092511013215862,11000.0,665592.0,15.0,0.979410879198068,0.020589120801931853,13579.333333333334,120.00813464491623,16196.266666666665,5280.8976437542815,10.733333333333334,3.692979181920098,5.866666666666667,1.846489590960049,5.866666666666667,1.846489590960049,3.8000000000000003,0.8618916073713346,0.0,0.0,0.0,0.0,1.0,0.0
12000.0,0.828125,1.232008798979223E-7,12000.0,0.995774358974359,0.8105934800369077,0.993,0.8691588785046728,0.9986867065518751,0.02564102564102564,0.9767764880935186,0.96,0.6666666666666666,12000.0,683472.0,15.0,0.902401167292383,0.09759883270761709,14863.933333333334,99.60598566829383,17379.199999999997,4712.598361231913,11.666666666666668,2.9920529661723827,6.333333333333334,1.4960264830861913,6.333333333333334,1.4960264830861913,4.066666666666666,0.7037315505489968,0.0,0.0,0.0,0.0,1.0,0.0
13000.0,0.890625,1.3483206405200893E-7,13000.0,0.9641887304820095,0.8596993678666687,0.993,0.8257492781041519,0.995774358974359,0.018329938900203666,0.9688518504518686,0.9444444444444444,0.6629629629629625,13000.0,719360.0,15.0,0.9955708299334319,0.004429170066567988,16054.4,95.84123776925493,19751.466666666667,4315.552702008113,13.266666666666667,3.1045281828476345,7.133333333333334,1.5522640914238173,7.133333333333334,1.5522640914238173,4.2,0.5606119105813882,0.0,0.0,0.0,0.0,1.0,0.0
14000.0,0.96875,1.4997608054222332E-7,14000.0,0.9983558640847643,0.8816483951932693,0.992,0.8847527947447276,0.9641887304820095,0.035196687370600416,0.9671249422906695,0.9411764705882353,0.6315789473684202,14000.0,749296.0,15.0,0.940110658736641,0.05988934126335897,17374.06666666667,103.32712730979816,21730.13333333333,5093.751885071227,14.6,3.5617010382279823,7.8,1.7808505191139912,7.8,1.7808505191139912,4.266666666666667,0.5936168397046637,0.0,0.0,0.0,0.0,1.0,0.0
15000.0,1.0625,1.685738162551489E-7,15000.0,0.9986463620981387,0.88166366649334,0.997,0.9017038007863695,0.9983558640847643,0.015228426395939087,0.9651104808625423,0.9333333333333333,0.8589341692789967,15000.0,766816.0,15.0,0.9999699295955502,3.007040444962827E-5,18539.8,115.73936236216298,22885.86666666667,4930.789068505692,15.8,3.60951124510943,8.4,1.8047556225547148,8.4,1.8047556225547148,4.4,0.6324555320336758,0.0,0.0,0.0,0.0,1.0,0.0
16000.0,1.125,1.8117357588683566E-7,16000.0,0.9992488867428511,0.9059276401076808,0.993,0.8409524675088612,0.9986463620981387,0.019367991845056064,0.9964258246638756,1.0,0.6686390532544367,16000.0,779264.0,15.0,0.9803744626798913,0.019625537320108764,19846.733333333334,103.85942880827395,23706.666666666664,4974.047082703619,16.73333333333333,3.453086955726648,8.866666666666665,1.726543477863324,8.866666666666665,1.726543477863324,4.466666666666667,0.6399404734221843,0.0,0.0,0.0,0.0,1.0,0.0
17000.0,1.1875,1.941012386750016E-7,17000.0,0.9992646382939608,0.887945190034869,0.997,0.8680506685432792,0.9992488867428511,0.011122345803842264,0.9524980340272683,0.9090909090909091,0.853868194842407,17000.0,799544.0,15.0,0.9999999999999994,4.7358377094737005E-17,20972.733333333334,112.74970172064866,25048.0,5509.1877544957315,17.266666666666666,3.84460041889302,9.133333333333333,1.9223002094465105,9.133333333333333,1.9223002094465105,4.466666666666667,0.6399404734221843,0.0,0.0,0.0,0.0,1.0,0.0
18000.0,1.234375,2.0399236948125893E-7,18000.0,1.0,0.9353985708825374,1.0,1.0,0.9992646382939608,0.014198782961460446,1.0,1.0,1.0,18000.0,815656.0,15.0,0.8983416272877072,0.10165837271229287,22201.333333333336,137.62249954477778,26110.933333333334,5801.336489694997,18.466666666666665,4.172472146045293,9.733333333333333,2.0862360730226466,9.733333333333333,2.0862360730226466,4.799999999999999,0.6761234037828134,0.0,0.0,0.0,0.0,1.0,0.0
19000.0,1.296875,2.175094818489419E-7,19000.0,0.9999434261145056,0.936375312875796,0.995,0.8755351986458229,1.0,0.018329938900203666,0.9974509262642944,1.0,0.7506561679790018,19000.0,836000.0,15.0,0.9999920499985677,7.95000143206397E-6,23376.26666666667,133.20363930392256,27455.466666666667,6373.89064708145,19.266666666666666,4.589843860815602,10.133333333333333,2.294921930407801,10.133333333333333,2.294921930407801,5.066666666666666,0.7988086367179801,0.0,0.0,0.0,0.0,1.0,0.0
20000.0,1.359375,2.3126472822493978E-7,20000.0,0.9988961211982794,0.8666557678857599,0.993,0.8691295243793001,0.9999434261145056,0.02774922918807811,0.9408691032270808,0.8888888888888888,0.6568627450980384,20000.0,850728.0,15.0,0.9980409147947934,0.001959085205206559,24691.4,134.03080669330166,28430.933333333338,7003.914573463968,19.8,4.9454163482100135,10.4,2.4727081741050068,10.4,2.4727081741050068,5.2,0.8618916073713346,0.0,0.0,0.0,0.0,1.0,0.0
21000.0,1.40625,2.41761121691929E-7,21000.0,0.9966971544715447,0.8445021238606707,0.992,0.7854997854997853,0.9988961211982794,0.016260162601626018,0.964795725883426,0.9375,0.6037735849056602,21000.0,865568.0,15.0,0.9884852792391152,0.01151472076088473,25955.0,143.77363159792972,29412.266666666666,7666.963260515549,20.733333333333334,5.650115885874334,10.866666666666667,2.825057942937167,10.866666666666667,2.825057942937167,5.3999999999999995,0.9102589898327995,0.0,0.0,0.0,0.0,1.0,0.0
22000.0,1.46875,2.5602549107538334E-7,22000.0,0.9973734131037502,0.8569469908926791,0.994,0.8665183537263627,0.9966971544715447,0.021450459652706845,0.9734047989264704,0.9523809523809523,0.7033707865168541,22000.0,882216.0,15.0,0.8692608700511638,0.13073912994883616,27212.399999999998,142.40876778786154,30512.533333333333,8154.63379108263,21.533333333333335,5.680375574437544,11.266666666666667,2.840187787218772,11.266666666666667,2.840187787218772,5.533333333333333,0.9904304018720251,0.0,0.0,0.0,0.0,1.0,0.0
23000.0,1.515625,2.670139333026277E-7,23000.0,0.9993480150680962,0.9260296745837845,0.993,0.7965825874694872,0.9973734131037502,0.014198782961460446,0.9964439816262978,1.0,0.6492374727668841,23000.0,906144.0,15.0,0.99981980232171,1.8019767829001952E-4,28414.666666666664,152.70684644894257,32094.399999999998,7847.019131947039,22.46666666666667,5.152900246694181,11.733333333333334,2.5764501233470907,11.733333333333334,2.5764501233470907,5.866666666666667,0.8338093878327919,0.0,0.0,0.0,0.0,1.0,0.0
24000.0,1.59375,2.864339492387242E-7,24000.0,0.9638392617629701,0.8242701469441329,0.987,0.7283744254074388,0.9993480150680962,0.019367991845056064,0.9673571297684023,0.9473684210526315,0.34728033472803377,24000.0,960864.0,15.0,0.999985665537471,1.4334462528907534E-5,29710.666666666668,152.8648640684535,35709.33333333333,6602.844524106548,25.400000000000002,4.792851820307881,13.200000000000001,2.3964259101539405,13.200000000000001,2.3964259101539405,6.266666666666668,0.703731550548997,0.0,0.0,0.0,0.0,1.0,0.0
25000.0,1.65625,3.021232421613402E-7,25000.0,0.9981122448979591,0.8588124497581914,0.992,0.822064056939502,0.9638392617629701,0.02040816326530612,0.9711921981329369,0.95,0.5983935742971894,25000.0,970344.0,15.0,0.9977376040146567,0.0022623959853431894,30915.999999999996,164.93721749285493,36337.6,6569.1540312063225,25.533333333333335,4.688384837121668,13.266666666666667,2.344192418560834,13.266666666666667,2.344192418560834,6.333333333333335,0.6172133998483676,0.0,0.0,0.0,0.0,1.0,0.0
26000.0,1.71875,3.181326772189803E-7,26000.0,0.999030612244898,0.8728436339796158,0.993,0.8409090909090909,0.9981122448979591,0.02040816326530612,0.9716911409853378,0.95,0.6486486486486485,26000.0,990144.0,15.0,0.9979718762913501,0.0020281237086497497,32174.73333333333,162.9033309607105,37647.46666666667,7962.219054174951,26.2,5.6467436886859215,13.6,2.8233718443429607,13.6,2.8233718443429607,6.400000000000001,0.6324555320336758,0.0,0.0,0.0,0.0,1.0,0.0
27000.0,1.78125,3.343351030101379E-7,27000.0,0.9723693995166388,0.8820915817931838,0.994,0.8719480962950314,0.999030612244898,0.022494887525562373,0.9745077553870657,0.9545454545454546,0.7,27000.0,1002080.0,15.0,0.9306631407209002,0.06933685927909977,33499.200000000004,155.08117689962143,38437.86666666667,8537.853041156246,26.733333333333334,6.363586889108853,13.866666666666667,3.1817934445544265,13.866666666666667,3.1817934445544265,6.400000000000001,0.6324555320336758,0.0,0.0,0.0,0.0,1.0,0.0
28000.0,1.84375,3.5072211176157E-7,28000.0,0.9978598180845372,0.8709414146336484,0.993,0.8408801600290966,0.9723693995166388,0.021450459652706845,0.9487576389386428,0.9047619047619048,0.6506238859180029,28000.0,1013496.0,15.0,0.9324568951472184,0.06754310485278157,34712.46666666667,134.5950894172527,39189.333333333336,9391.168941896321,28.066666666666674,6.31852906330338,14.533333333333337,3.15926453165169,14.533333333333337,3.15926453165169,6.533333333333333,0.7432233529572064,0.0,0.0,0.0,0.0,1.0,0.0
29000.0,1.90625,3.676535561680794E-7,29000.0,0.998540785057639,0.8662071383617694,0.995,0.8863429714493547,0.9978598180845372,0.021450459652706845,0.9739043651892398,0.9523809523809523,0.7508591065292091,29000.0,1047168.0,15.0,0.9994528715968392,5.471284031606583E-4,36019.86666666666,133.42299366336812,41415.46666666666,9388.068520860985,29.53333333333334,6.566872126348243,15.26666666666667,3.2834360631741215,15.26666666666667,3.2834360631741215,6.733333333333334,0.9611501047232546,0.0,0.0,0.0,0.0,1.0,0.0
30000.0,1.96875,3.849246746136083E-7,30000.0,0.9992819101190832,0.9230852016809131,0.999,0.9709200884029312,0.998540785057639,0.017293997965412006,0.9994912235742915,1.0,0.9499165275459098,30000.0,1068176.0,15.0,0.9971580296101237,0.0028419703898761146,37295.666666666664,144.4574414177136,42804.799999999996,8814.113772807794,30.2,5.990468619875601,15.6,2.9952343099378007,15.6,2.9952343099378007,6.933333333333333,0.883715101688537,0.0,0.0,0.0,0.0,1.0,0.0
31000.0,2.03125,4.0253611384994456E-7,31000.0,0.9992645394885721,0.9286135644542023,0.996,0.892703862660944,0.9992819101190832,0.018329938900203666,0.9703397220995476,0.9444444444444444,0.7990275526742303,31000.0,1089224.0,15.0,0.999999890884103,1.0911589686718635E-7,38463.73333333332,149.13870182132843,44195.73333333333,8810.911607341262,31.133333333333333,6.345602151621756,16.066666666666666,3.1728010758108782,16.066666666666666,3.1728010758108782,6.933333333333333,0.883715101688537,0.0,0.0,0.0,0.0,1.0,0.0
32000.0,2.09375,4.2038607514566846E-7,32000.0,0.9999463490530608,0.9065884381184024,0.997,0.9253062443979683,0.9992645394885721,0.019367991845056064,0.9984697772213562,1.0,0.8490566037735846,32000.0,1103976.0,15.0,0.9810519404740426,0.018948059525957323,39706.26666666666,154.5169739481551,45171.73333333332,9592.496051353795,31.666666666666668,6.8729975438737965,16.333333333333332,3.4364987719368982,16.333333333333332,3.4364987719368982,7.000000000000001,0.9258200997725514,0.0,0.0,0.0,0.0,1.0,0.0
33000.0,2.15625,4.383677151054144E-7,33000.0,0.996636394214598,0.8688653550654908,0.993,0.7167368080284874,0.9999463490530608,0.009081735620585268,0.9964619550442736,1.0,0.6418604651162785,33000.0,1112120.0,15.0,0.9999999992835815,7.164185368681201E-10,40936.2,173.25299420211883,45708.799999999996,9793.547403410941,32.333333333333336,7.276838664721168,16.666666666666668,3.6384193323605833,16.666666666666668,3.6384193323605833,7.199999999999999,0.9411239481143203,0.0,0.0,0.0,0.0,1.0,0.0
34000.0,2.21875,4.565190627343125E-7,34000.0,0.9992378048780488,0.9110677066354221,0.998,0.9364837398373982,0.996636394214598,0.016260162601626018,0.967753716653964,0.9375,0.8971255673222387,34000.0,1122616.0,15.0,0.9999983490228127,1.6509771872441624E-6,42174.86666666666,164.6081349606932,46400.53333333333,9916.498675487854,33.266666666666666,7.166057559940539,17.133333333333333,3.5830287799702694,17.133333333333333,3.5830287799702694,7.3999999999999995,0.9856107606091623,0.0,0.0,0.0,0.0,1.0,0.0
35000.0,2.296875,4.798158705751929E-7,35000.0,0.9959870218579235,0.875238619274569,0.995,0.8953974895397487,0.9992378048780488,0.02459016393442623,0.9559545196900566,0.9166666666666666,0.7445255474452552,35000.0,1152680.0,15.0,0.9996155163483877,3.8448365161239986E-4,43439.86666666666,160.51785244134243,48388.799999999996,10594.105876112704,34.333333333333336,7.31599682366043,17.666666666666668,3.657998411830215,17.666666666666668,3.657998411830215,7.466666666666667,0.9154754164341268,0.0,0.0,0.0,0.0,1.0,0.0
36000.0,2.359375,4.987985529522929E-7,36000.0,0.9970298464213272,0.844717517011047,0.996,0.8551144595769345,0.9959870218579235,0.014198782961460446,0.9248806575217045,0.8571428571428571,0.7939914163090124,36000.0,1174032.0,15.0,0.9996618608080858,3.3813919191403387E-4,44617.86666666667,165.793704286237,49800.0,9985.257704664984,35.53333333333333,7.189940062005947,18.266666666666666,3.5949700310029735,18.266666666666666,3.5949700310029735,7.533333333333333,0.833809387832792,0.0,0.0,0.0,0.0,1.0,0.0
37000.0,2.4375,5.229401803161535E-7,37000.0,0.9968877551020409,0.8584872671252369,0.992,0.8141263940520443,0.9970298464213272,0.02040816326530612,0.945774706744882,0.9,0.5883171070931844,37000.0,1194480.0,15.0,0.9890463188407697,0.010953681159230389,45892.86666666666,160.29698627710846,51152.53333333333,9420.654495511952,36.333333333333336,6.6619030600086315,18.666666666666668,3.3309515300043158,18.666666666666668,3.3309515300043158,7.7333333333333325,0.7988086367179801,0.0,0.0,0.0,0.0,1.0,0.0
38000.0,2.5,5.424491892982688E-7,38000.0,1.0,0.967871958442308,0.998,0.9080882352941175,0.9968877551020409,0.010101010101010102,0.9989893883219171,1.0,0.8957475994513031,38000.0,1206584.0,15.0,0.9999999991066459,8.933540924862949E-10,47065.666666666664,174.0261337790822,51952.0,9777.736577113772,36.866666666666674,7.385958363840194,18.933333333333337,3.692979181920097,18.933333333333337,3.692979181920097,7.866666666666666,0.8338093878327919,0.0,0.0,0.0,0.0,1.0,0.0
39000.0,2.5625,5.621046228851708E-7,39000.0,0.9989806320081549,0.9588336269990498,0.998,0.9489821947859802,1.0,0.019367991845056064,0.9989801119223094,1.0,0.8957219251336895,39000.0,1215640.0,15.0,0.9999987038179659,1.2961820341122209E-6,48248.26666666666,179.89102521354494,52550.933333333334,10317.899616454799,37.26666666666666,7.245359762995769,19.13333333333333,3.6226798814978847,19.13333333333333,3.6226798814978847,7.933333333333333,0.7988086367179801,0.0,0.0,0.0,0.0,1.0,0.0
40000.0,2.640625,5.871833935897383E-7,40000.0,0.9908163265306122,0.8325673472778983,0.991,0.7954545454545454,0.9989806320081549,0.02040816326530612,0.9452890714334048,0.9,0.5312499999999994,40000.0,1240848.0,15.0,0.999989548934,1.0451065999848153E-5,49630.799999999996,179.1368989667631,54219.200000000004,10210.580417250669,38.2,7.203173903614593,19.6,3.6015869518072967,19.6,3.6015869518072967,8.2,0.94112394811432,0.0,0.0,0.0,0.0,1.0,0.0
41000.0,2.703125,6.075577564641005E-7,41000.0,0.9987931910569106,0.9181083860092254,0.994,0.8391248391248389,0.9908163265306122,0.016260162601626018,0.9969465577574308,1.0,0.6862244897959183,41000.0,1260104.0,15.0,0.9910673872047716,0.008932612795228414,50911.0,172.74878539990644,55492.26666666666,10255.275154535742,39.0,7.559289460184547,20.0,3.7796447300922735,20.0,3.7796447300922735,8.266666666666666,0.7988086367179801,0.0,0.0,0.0,0.0,1.0,0.0
42000.0,2.78125,6.334834486349588E-7,42000.0,0.9989333333333333,0.8887716934645417,0.995,0.8993963782696176,0.9987931910569106,0.02564102564102564,0.9576895273360938,0.92,0.740420271940668,42000.0,1282752.0,15.0,0.9998820981465022,1.1790185349769428E-4,52217.600000000006,173.79947394298225,56989.333333333336,10452.68486812747,40.06666666666666,7.401415566021974,20.53333333333333,3.700707783010987,20.53333333333333,3.700707783010987,8.4,0.8280786712108251,0.0,0.0,0.0,0.0,1.0,0.0
43000.0,2.84375,6.543771531950268E-7,43000.0,0.9925,0.8349844183480506,0.991,0.7861216730038021,0.9989333333333333,0.02040816326530612,0.9191278030651379,0.85,0.5331724969843182,43000.0,1292224.0,15.0,0.9999973268682787,2.673131721164065E-6,53475.13333333334,162.09735463897206,57618.13333333333,10371.663579654125,40.2,7.321202087089249,20.6,3.6606010435446246,20.6,3.6606010435446246,8.4,0.8280786712108251,0.0,0.0,0.0,0.0,1.0,0.0
44000.0,2.90625,6.75406804980917E-7,44000.0,0.9981642759562842,0.8954071142474382,0.993,0.864362114400868,0.9925,0.02459016393442623,0.9759313192488037,0.9583333333333334,0.6389214536928476,44000.0,1300632.0,15.0,0.913649942166761,0.08635005783323896,54825.399999999994,164.06392482374412,58172.799999999996,10597.553917228799,40.86666666666667,7.726269351714197,20.933333333333334,3.8631346758570984,20.933333333333334,3.8631346758570984,8.533333333333331,0.7432233529572064,0.0,0.0,0.0,0.0,1.0,0.0
45000.0,2.96875,6.964037311263381E-7,45000.0,1.0,0.9665327640900272,0.995,0.8623651178154591,0.9981642759562842,0.016260162601626018,0.9974561139152899,1.0,0.7410817031070186,45000.0,1298608.0,15.0,0.99999959757254,4.024274600329705E-7,56018.0,159.11002482558962,58035.2,11042.436087334045,41.79999999999999,7.282071918662399,21.399999999999995,3.6410359593311994,21.399999999999995,3.6410359593311994,8.666666666666666,0.723746864455746,0.0,0.0,0.0,0.0,1.0,0.0
46000.0,3.046875,7.231684220540854E-7,46000.0,0.9992857142857143,0.949721458963499,0.998,0.9513618677042802,1.0,0.02040816326530612,0.9989790706884051,1.0,0.8965129358830144,46000.0,1324264.0,15.0,0.9880520228736056,0.0119479771263944,57252.26666666666,156.40856145121379,59730.66666666667,10912.913940220853,42.86666666666667,7.909006318898786,21.933333333333334,3.954503159449393,21.933333333333334,3.954503159449393,8.799999999999999,0.8618916073713347,0.0,0.0,0.0,0.0,1.0,0.0
47000.0,3.125,7.50143954064697E-7,47000.0,1.0,0.9426266972840005,0.998,0.9573105656350054,0.9992857142857143,0.02354145342886387,0.9989759341911807,1.0,0.8969298245614032,47000.0,1334696.0,15.0,0.9612579501201147,0.038742049879885124,58475.066666666666,180.65375986228736,60421.33333333333,11456.781165173174,43.0,8.0,22.0,4.0,22.0,4.0,8.799999999999999,0.8618916073713347,0.0,0.0,0.0,0.0,1.0,0.0
48000.0,3.1875,7.718291534628305E-7,48000.0,0.9983673469387755,0.9034461818807981,0.996,0.9027237354085603,1.0,0.02040816326530612,0.9731864347259952,0.95,0.7939914163090124,48000.0,1341176.0,15.0,0.9999983792152305,1.6207847693798112E-6,59724.66666666667,187.6709379535918,60849.6,11354.436545119395,43.4,7.899367063252599,22.2,3.9496835316262997,22.2,3.9496835316262997,8.799999999999999,0.8618916073713347,0.0,0.0,0.0,0.0,1.0,0.0
49000.0,3.265625,7.993097986198134E-7,49000.0,0.9978501923512106,0.8417948908552864,0.992,0.7854077253218881,0.9983673469387755,0.018329938900203666,0.910543953865627,0.8333333333333334,0.5873684210526314,49000.0,1359688.0,15.0,0.9876580163817125,0.012341983618287452,61058.799999999996,183.6254728672298,62073.6,10988.34507752906,44.333333333333336,7.988086367179801,22.666666666666668,3.9940431835899006,22.666666666666668,3.9940431835899006,8.933333333333334,0.8837151016885368,0.0,0.0,0.0,0.0,1.0,0.0
50000.0,3.328125,8.215587068763044E-7,50000.0,0.9982644297094032,0.9015408588225119,0.997,0.9346348265644064,0.9978501923512106,0.02354145342886387,0.9770177377244608,0.9565217391304348,0.8458376156217884,50000.0,1376040.0,15.0,0.9999870992980597,1.2900701940378339E-5,62263.86666666667,190.48354509610843,63155.73333333333,11268.000047331678,44.99999999999999,8.211490207542807,22.999999999999996,4.105745103771404,22.999999999999996,4.105745103771404,8.999999999999998,0.8451542547285166,0.0,0.0,0.0,0.0,1.0,0.0
51000.0,3.40625,8.497156927155124E-7,51000.0,0.9988429531396021,0.9341029471454483,0.994,0.8815773891761735,0.9982644297094032,0.02354145342886387,0.9969246467408792,1.0,0.6927710843373495,51000.0,1393152.0,15.0,0.9270713925063835,0.07292860749361636,63523.13333333334,193.5402751244266,64289.06666666666,11483.346397946818,45.266666666666666,8.13692348553947,23.133333333333333,4.068461742769735,23.133333333333333,4.068461742769735,9.133333333333331,0.9154754164341267,0.0,0.0,0.0,0.0,1.0,0.0
52000.0,3.484375,8.781000118081768E-7,52000.0,0.9981725888324873,0.8390666316500058,0.993,0.7843499691928528,0.9988429531396021,0.015228426395939087,0.9285835145454703,0.8666666666666667,0.6399604352126607,52000.0,1404400.0,15.0,0.9987958013166105,0.0012041986833895384,64774.26666666667,209.7796349460439,65032.0,11271.795192299354,46.2,7.589466384404109,23.6,3.7947331922020546,23.6,3.7947331922020546,9.266666666666667,0.961150104723255,0.0,0.0,0.0,0.0,1.0,0.0
53000.0,3.5625,9.069006773643195E-7,53000.0,0.9993252601299762,0.929454587999585,0.995,0.918070393917546,0.9981725888324873,0.029866117404737384,0.9974220116946368,1.0,0.7451923076923072,53000.0,1425000.0,15.0,0.892803059777023,0.107196940222977,66082.73333333332,208.5954617595152,66393.6,10784.374813325328,47.0,7.671840904055745,24.0,3.8359204520278727,24.0,3.8359204520278727,9.399999999999999,0.9102589898327992,0.0,0.0,0.0,0.0,1.0,0.0
54000.0,3.625,9.301740404528876E-7,54000.0,0.9929610829103215,0.8324606986892635,0.992,0.7606939874364347,0.9993252601299762,0.015228426395939087,0.9281096265255564,0.8666666666666667,0.5905213270142172,54000.0,1439400.0,15.0,0.9999999999869267,1.3073283495115594E-11,67236.46666666669,196.40041702991644,67346.66666666669,10876.501398274473,47.399999999999984,8.007139671211299,24.199999999999992,4.003569835605649,24.199999999999992,4.003569835605649,9.533333333333335,0.8338093878327925,0.0,0.0,0.0,0.0,1.0,0.0
55000.0,3.703125,9.595331761779057E-7,55000.0,0.9960298299264982,0.8390795715190356,0.998,0.943429314929004,0.9929610829103215,0.019367991845056064,0.9459053029269173,0.8947368421052632,0.8975791433891992,55000.0,1452632.0,15.0,0.9952195298202874,0.004780470179712442,68605.26666666666,199.3308329194976,68221.33333333334,11134.42996595096,47.93333333333334,8.310635755865292,24.46666666666667,4.155317877932646,24.46666666666667,4.155317877932646,9.600000000000001,0.9102589898327998,0.0,0.0,0.0,0.0,1.0,0.0
56000.0,3.765625,9.831288803575768E-7,56000.0,0.9983733035880276,0.8827543145932636,0.996,0.9070459193158578,0.9960298299264982,0.022494887525562373,0.9524871796917932,0.9090909090909091,0.7956204379562042,56000.0,1459336.0,15.0,0.9773833171419092,0.022616682858090698,69868.59999999999,210.34896176184023,68665.06666666668,11178.925833055353,48.466666666666676,8.36546187493269,24.733333333333338,4.182730937466345,24.733333333333338,4.182730937466345,9.799999999999999,0.9411239481143198,0.0,0.0,0.0,0.0,1.0,0.0
57000.0,3.84375,1.0127425129111443E-6,57000.0,0.9991034836065574,0.9564184610215681,0.999,0.9790794979079498,0.9983733035880276,0.02459016393442623,0.9994875736276393,1.0,0.9491071428571429,57000.0,1465224.0,15.0,0.999672020934751,3.279790652487835E-4,71117.26666666666,206.72703419404564,69054.4,11467.128353939115,48.733333333333334,8.344944292090586,24.866666666666667,4.172472146045293,24.866666666666667,4.172472146045293,9.799999999999999,0.9411239481143198,0.0,0.0,0.0,0.0,1.0,0.0
58000.0,3.90625,1.036608559338169E-6,58000.0,0.9995171414775471,0.961269981228498,0.997,0.9253062443979683,0.9991034836065574,0.019367991845056064,0.9984697772213562,1.0,0.8472344161545213,58000.0,1476056.0,15.0,0.9098608212106298,0.09013917878937001,72343.59999999999,209.66531152563599,69771.73333333335,11377.502760565105,48.86666666666666,8.433493316758454,24.93333333333333,4.216746658379227,24.93333333333333,4.216746658379227,9.866666666666667,1.0600988273786194,0.0,0.0,0.0,0.0,1.0,0.0
59000.0,3.984375,1.0664734549613463E-6,59000.0,0.9977625370883798,0.896613836124444,0.992,0.8293005590406692,0.9995171414775471,0.021450459652706845,0.9724048964551414,0.9523809523809523,0.5931034482758621,59000.0,1477656.0,15.0,0.9287933344979213,0.07120666550207873,73622.2,206.50465231701577,69877.33333333331,11549.008186646948,49.13333333333333,8.399546473017512,25.066666666666666,4.199773236508756,25.066666666666666,4.199773236508756,9.933333333333332,1.099783528483587,0.0,0.0,0.0,0.0,1.0,0.0
60000.0,4.0625,1.0967416003242965E-6,60000.0,0.9988409156766155,0.914843786244656,0.99,0.7173863893285105,0.9977625370883798,0.014198782961460446,0.9592161510612085,0.9285714285714286,0.488926746166949,60000.0,1497608.0,15.0,0.9961844369501173,0.003815563049882692,74849.13333333336,218.82506603177572,71196.26666666666,12446.865856033608,50.066666666666656,9.43751379689941,25.533333333333328,4.718756898449705,25.533333333333328,4.718756898449705,10.066666666666665,1.099783528483587,0.0,0.0,0.0,0.0,1.0,0.0
61000.0,4.140625,1.1272194549544819E-6,61000.0,0.9998054380076852,0.9606965009673197,0.993,0.8536299765807961,0.9988409156766155,0.021450459652706845,0.9964185098553875,1.0,0.6426778242677825,61000.0,1507984.0,15.0,0.9244349192854794,0.07556508071452067,76064.66666666669,210.26638433414078,71881.59999999998,13079.342298886006,50.59999999999999,9.715966241192898,25.799999999999994,4.857983120596449,25.799999999999994,4.857983120596449,10.066666666666665,1.099783528483587,0.0,0.0,0.0,0.0,1.0,0.0
62000.0,4.203125,1.1516188129058316E-6,62000.0,0.9994585448392554,0.9384571969462447,0.996,0.8729755477929501,0.9998054380076852,0.015228426395939087,0.9646194554016754,0.9333333333333333,0.7950413223140496,62000.0,1509040.0,15.0,0.992008886077836,0.00799111392216391,77285.93333333335,210.32371874486003,71952.0,13081.094930143598,50.59999999999999,9.715966241192898,25.799999999999994,4.857983120596449,25.799999999999994,4.857983120596449,10.066666666666665,1.099783528483587,0.0,0.0,0.0,0.0,1.0,0.0
63000.0,4.28125,1.1821893147296376E-6,63000.0,0.9975857073877354,0.8776861740607207,0.995,0.8692468619246859,0.9994585448392554,0.019367991845056064,0.9444578570859387,0.8947368421052632,0.7436940602115535,63000.0,1512568.0,15.0,0.8878423345382515,0.11215766546174862,78470.4,219.52995239829892,72183.46666666667,13279.46624285924,51.26666666666667,10.388638482679504,26.133333333333336,5.194319241339752,26.133333333333336,5.194319241339752,10.2,0.9411239481143203,0.0,0.0,0.0,0.0,1.0,0.0
64000.0,4.34375,1.206909202867084E-6,64000.0,0.9993169398907104,0.9408815478909553,0.998,0.958976042008533,0.9975857073877354,0.02459016393442623,0.9989748844050741,1.0,0.8978451715881882,64000.0,1528864.0,15.0,0.8999873838542037,0.10001261614579633,79738.40000000001,217.36861384688154,73260.26666666668,14165.564319688718,52.06666666666668,11.080656676431786,26.53333333333334,5.540328338215893,26.53333333333334,5.540328338215893,10.333333333333334,1.0465362369445672,0.0,0.0,0.0,0.0,1.0,0.0
65000.0,4.421875,1.2382549983966682E-6,65000.0,0.9990879339020333,0.8946655886137623,0.996,0.8926981061215731,0.9993169398907104,0.019367991845056064,0.9449405853858378,0.8947368421052632,0.7955974842767295,65000.0,1550928.0,15.0,0.9570188287235708,0.042981171276429087,80958.59999999999,218.63890648412027,74719.99999999999,15139.901943445437,52.73333333333334,12.091713022128989,26.86666666666667,6.045856511064494,26.86666666666667,6.045856511064494,10.466666666666667,1.1254628677422753,0.0,0.0,0.0,0.0,1.0,0.0
66000.0,4.5,1.2697763870366745E-6,66000.0,0.999465978372124,0.9564988744475709,0.994,0.8815773891761735,0.9990879339020333,0.02354145342886387,0.9969246467408792,1.0,0.6942084942084944,66000.0,1559616.0,15.0,0.9965661591891245,0.0034338408108754424,82205.79999999999,227.9461715907012,75294.93333333335,15538.307866443525,53.0,12.047524938461724,27.0,6.023762469230862,27.0,6.023762469230862,10.466666666666667,1.1254628677422753,0.0,0.0,0.0,0.0,1.0,0.0
67000.0,4.578125,1.301590915924559E-6,67000.0,0.9989250961756053,0.879096457449438,0.995,0.8623196387267323,0.999465978372124,0.018329938900203666,0.9413678039879816,0.8888888888888888,0.7448591012947446,67000.0,1574120.0,15.0,0.9993864706127495,6.135293872503583E-4,83413.46666666666,237.26352638444365,76253.33333333333,15448.7811200508,53.800000000000004,11.875545100271037,27.400000000000002,5.937772550135518,27.400000000000002,5.937772550135518,10.6,1.0555973258234952,0.0,0.0,0.0,0.0,1.0,0.0
68000.0,4.65625,1.3335123205453986E-6,68000.0,0.9992554991539763,0.9273235204923841,0.992,0.785580273385151,0.9989250961756053,0.015228426395939087,0.995930807129106,1.0,0.5903614457831327,68000.0,1579408.0,15.0,0.9999995057571873,4.942428126594557E-7,84648.46666666666,249.69062762508736,76601.06666666667,15022.404560553956,54.46666666666667,11.24955025556048,27.733333333333334,5.62477512778024,27.733333333333334,5.62477512778024,10.666666666666666,1.0465362369445672,0.0,0.0,0.0,0.0,1.0,0.0
69000.0,4.71875,1.359348114217735E-6,69000.0,0.9996954817098702,0.9394923516957684,0.996,0.9265165154131609,0.9992554991539763,0.02774922918807811,0.9797927891315579,0.9629629629629629,0.7963099630996312,69000.0,1597880.0,15.0,0.9999803283920943,1.9671607905639986E-5,85928.26666666669,255.63267918375783,77823.46666666666,14743.831474633078,54.86666666666666,11.27491949079059,27.93333333333333,5.637459745395295,27.93333333333333,5.637459745395295,10.666666666666666,1.0465362369445672,0.0,0.0,0.0,0.0,1.0,0.0
70000.0,4.796875,1.392288637968401E-6,70000.0,0.9978501923512106,0.9167767158275537,0.993,0.8257492781041519,0.9996954817098702,0.018329938900203666,0.9688518504518686,0.9444444444444444,0.6431172614712303,70000.0,1629832.0,15.0,0.9445783002652296,0.055421699734770354,87175.59999999999,261.5319701844731,79936.0,14965.521670063594,56.06666666666667,11.157743414115512,28.533333333333335,5.578871707057756,28.533333333333335,5.578871707057756,10.8,1.1464230084422218,0.0,0.0,0.0,0.0,1.0,0.0
71000.0,4.875,1.425382603580753E-6,71000.0,0.9989658738366081,0.9201485194105575,0.992,0.8815832321856774,0.9978501923512106,0.03412616339193381,0.9662117926682456,0.9393939393939394,0.596017069701281,71000.0,1637424.0,15.0,0.9085764443017392,0.09142355569826073,88428.93333333333,270.5770201061501,80437.33333333333,15142.64869578006,56.73333333333333,11.360751148875089,28.866666666666664,5.680375574437544,28.866666666666664,5.680375574437544,10.999999999999998,1.1952286093343938,0.0,0.0,0.0,0.0,1.0,0.0
72000.0,4.953125,1.4587173225461608E-6,72000.0,0.9993894736842105,0.9582259608152303,0.994,0.9402390438247011,0.9989658738366081,0.05263157894736842,0.9968371033054075,1.0,0.7032967032967035,72000.0,1649336.0,15.0,0.9634857606847577,0.03651423931524217,89772.0,286.9815822860916,81223.46666666666,15660.626943601803,57.666666666666664,11.920370719706586,29.333333333333332,5.960185359853293,29.333333333333332,5.960185359853293,11.133333333333333,1.1872336794093274,0.0,0.0,0.0,0.0,1.0,0.0
73000.0,5.03125,1.4923835018028814E-6,73000.0,0.9995360392720306,0.939885427822054,0.996,0.9704456791582929,0.9993894736842105,0.07758620689655173,0.991424859440043,0.9861111111111112,0.8089005235602096,73000.0,1665736.0,15.0,0.9798936926924333,0.02010630730756657,91152.20000000001,293.65193195832376,82309.33333333333,16317.991939953308,57.93333333333333,12.115318913712194,29.466666666666665,6.057659456856097,29.466666666666665,6.057659456856097,11.133333333333333,1.1872336794093274,0.0,0.0,0.0,0.0,1.0,0.0
74000.0,5.125,1.5331985196098684E-6,74000.0,0.9997944849429998,0.9626747113140963,0.998,0.988029256497121,0.9995360392720306,0.1001100110011001,0.9988992842013642,1.0,0.9085855466337244,74000.0,1682872.0,15.0,0.8665244927453865,0.13347550725461355,92561.66666666667,314.9327970641758,83441.06666666665,16810.79187166331,59.0,11.759494644146674,30.0,5.879747322073337,30.0,5.879747322073337,11.6,1.1832159566199232,0.0,0.0,0.0,0.0,1.0,0.0
75000.0,5.203125,1.5675832401029763E-6,75000.0,0.9982350200688074,0.9471210206288261,0.993,0.9687466514269386,0.9997944849429998,0.14678899082568808,0.9859426228257845,0.9765625,0.699484831139096,75000.0,1701288.0,15.0,0.8650130264960616,0.1349869735039384,93988.8,307.24401656384686,84659.2,16784.47277013575,59.8,11.947504222341047,30.4,5.973752111170524,30.4,5.973752111170524,11.733333333333333,0.9611501047232546,0.0,0.0,0.0,0.0,1.0,0.0
76000.0,5.296875,1.6092705967215199E-6,76000.0,0.9990562613430127,0.9426798157438171,0.994,0.9758015728977616,0.9982350200688074,0.1695906432748538,0.9878634359966302,0.9793103448275862,0.7589852008456661,76000.0,1718840.0,15.0,0.85954750782372,0.14045249217628003,95408.46666666665,288.5497893819755,85822.93333333333,16431.03902230108,60.06666666666666,11.756254667602423,30.53333333333333,5.878127333801212,30.53333333333333,5.878127333801212,11.8,1.01418510567422,0.0,0.0,0.0,0.0,1.0,0.0
77000.0,5.375,1.6441993971562218E-6,77000.0,0.9998030692029408,0.953244799338605,0.997,0.9889783682106749,0.9990562613430127,0.19617224880382775,0.990811443753639,0.9817073170731707,0.8876459143968869,77000.0,1728208.0,15.0,0.6579213255550354,0.34207867444496476,96820.13333333335,303.95109255711884,86442.13333333333,16426.171303600793,60.6,12.379706897061126,30.8,6.189853448530563,30.8,6.189853448530563,11.866666666666665,0.9154754164341266,0.0,0.0,0.0,0.0,1.0,0.0
78000.0,5.46875,1.6864220702296328E-6,78000.0,0.9991174439129211,0.9404944422865863,0.989,0.9647566930243884,0.9998030692029408,0.24069478908188585,0.9813564851887282,0.9690721649484536,0.6186666666666665,78000.0,1740912.0,15.0,0.8550214233011993,0.1449785766988006,98219.06666666668,305.35704316344857,87282.13333333333,16847.273479564523,61.53333333333333,12.31646207704299,31.266666666666666,6.158231038521495,31.266666666666666,6.158231038521495,11.933333333333334,0.9611501047232548,0.0,0.0,0.0,0.0,1.0,0.0
79000.0,5.5625,1.7291235983268253E-6,79000.0,0.9993610263281967,0.949778894515303,0.994,0.9813200498132004,0.9991174439129211,0.2531328320802005,0.9888080618405538,0.9801980198019802,0.8066884176182706,79000.0,1760656.0,15.0,0.6616457826011989,0.33835421739880117,99632.73333333332,303.0628097716163,88586.66666666667,17367.67642435085,62.59999999999999,12.217084057054814,31.799999999999997,6.108542028527407,31.799999999999997,6.108542028527407,12.066666666666666,1.099783528483587,0.0,0.0,0.0,0.0,1.0,0.0
80000.0,5.65625,1.7724079791352978E-6,80000.0,0.9986783239599405,0.9456447396830686,0.992,0.9778153684035384,0.9993610263281967,0.3106159895150721,0.9874482548453037,0.9789029535864979,0.7619933060617331,80000.0,1784688.0,15.0,0.4470538764407858,0.5529461235592141,101005.59999999999,319.8376373813993,90178.66666666667,16999.023210032923,62.99999999999999,12.694205652298894,31.999999999999993,6.347102826149447,31.999999999999993,6.347102826149447,12.133333333333333,1.1254628677422753,0.0,0.0,0.0,0.0,1.0,0.0
81000.0,5.734375,1.8087319848645063E-6,81000.0,0.9989876234181616,0.9518339091472363,0.993,0.9806169352605637,0.9986783239599405,0.30718954248366015,0.9924762158745284,0.9914893617021276,0.8060875512995895,81000.0,1797240.0,15.0,0.8562493145493814,0.1437506854506185,102361.86666666667,331.19046455102614,91007.46666666666,16958.691989093746,63.93333333333334,13.00256384974389,32.46666666666667,6.501281924871945,32.46666666666667,6.501281924871945,12.333333333333332,1.1751393027860064,0.0,0.0,0.0,0.0,1.0,0.0
82000.0,5.84375,1.8604242682663929E-6,82000.0,0.9985235559930205,0.9328497171594706,0.987,0.9674368274452437,0.9989876234181616,0.3869625520110957,0.9798703762209762,0.96415770609319,0.6671870121760844,82000.0,1826880.0,15.0,0.746824718216228,0.253175281783772,103685.26666666666,315.75272121136265,92969.59999999999,17622.650152573537,65.0,13.288018233409694,33.0,6.644009116704847,33.0,6.644009116704847,12.333333333333332,1.1751393027860064,0.0,0.0,0.0,0.0,1.0,0.0
83000.0,5.9375,1.9050608130378853E-6,83000.0,0.999704900496136,0.9526046792765768,0.994,0.9861206210559431,0.9985235559930205,0.4662756598240469,0.9913795986143067,0.9842767295597484,0.8585629082646975,83000.0,1840440.0,15.0,0.6834851341264997,0.31651486587350036,104953.73333333334,306.2229502145372,93866.66666666664,18695.544383877244,65.66666666666666,14.216020473228017,33.33333333333333,7.1080102366140085,33.33333333333333,7.1080102366140085,12.533333333333331,1.0600988273786192,0.0,0.0,0.0,0.0,1.0,0.0
84000.0,6.03125,1.9498356980168154E-6,84000.0,0.9997504718350755,0.9536028950856191,0.993,0.9841333164088708,0.999704900496136,0.4880952380952381,0.9924493539183323,0.9908536585365854,0.8472330475448167,84000.0,1846144.0,15.0,0.695767053578304,0.30423294642169624,106204.0,312.38437861071134,94241.59999999999,18607.431068565824,66.46666666666667,14.431447143882234,33.733333333333334,7.215723571941117,33.733333333333334,7.215723571941117,12.6,1.0555973258234952,0.0,0.0,0.0,0.0,1.0,0.0
85000.0,6.140625,2.0028630711345206E-6,85000.0,0.9989831348128577,0.941841005781448,0.987,0.9716669427323529,0.9997504718350755,0.5600624024960998,0.984300032157385,0.9749303621169917,0.7374049429657792,85000.0,1874064.0,15.0,0.5149411092659503,0.4850588907340497,107405.33333333333,323.32064285355807,96089.06666666667,20273.77393674141,67.26666666666667,15.097145740960755,34.13333333333333,7.548572870480378,34.13333333333333,7.548572870480378,12.666666666666668,1.0465362369445674,0.0,0.0,0.0,0.0,1.0,0.0
86000.0,6.234375,2.0487454538750977E-6,86000.0,0.9990578547002582,0.9564775065925877,0.99,0.9781636503389002,0.9989831348128577,0.5527950310559007,0.9884531198304698,0.9831460674157303,0.8115687992988604,86000.0,1891808.0,15.0,0.5971229128439199,0.40287708715608017,108614.66666666667,335.81386567703436,97263.46666666667,21412.85050039767,67.8,15.561858133636504,34.4,7.780929066818252,34.4,7.780929066818252,12.799999999999999,1.1464230084422218,0.0,0.0,0.0,0.0,1.0,0.0
87000.0,6.328125,2.0949733960959645E-6,87000.0,0.999651113913409,0.9535575709582876,0.99,0.9789438221174093,0.9990578547002582,0.639344262295082,0.9885451540763078,0.982051282051282,0.8243843358901897,87000.0,1906056.0,15.0,0.7790303727748121,0.22096962722518784,109781.73333333334,346.5059196910673,98203.73333333332,22574.016895115332,68.86666666666666,16.04398715436795,34.93333333333333,8.021993577183975,34.93333333333333,8.021993577183975,13.0,1.1338934190276817,0.0,0.0,0.0,0.0,1.0,0.0
88000.0,6.421875,2.1416268363181086E-6,88000.0,0.9991479517913593,0.9559862194313111,0.991,0.9814579796614639,0.999651113913409,0.7123287671232876,0.9902090829335645,0.9855769230769231,0.8525139664804469,88000.0,1923600.0,15.0,0.5638242580030935,0.4361757419969064,110952.66666666667,354.8351059026584,99364.80000000002,22229.990100891053,69.66666666666667,15.90447675820808,35.333333333333336,7.95223837910404,35.333333333333336,7.95223837910404,13.066666666666665,1.099783528483587,0.0,0.0,0.0,0.0,1.0,0.0
89000.0,6.515625,2.188691804702911E-6,89000.0,0.9997371004645927,0.9578065533412702,0.994,0.9876683780217612,0.9991479517913593,0.7211703958691911,0.9935008718016872,0.9904534606205251,0.9077560891345655,89000.0,1940568.0,15.0,0.40459892093116534,0.5954010790688347,112128.26666666666,355.3435895955738,100485.86666666668,21911.29263275207,70.60000000000001,15.75164390513846,35.800000000000004,7.87582195256923,35.800000000000004,7.87582195256923,13.266666666666667,1.1629191512658792,0.0,0.0,0.0,0.0,1.0,0.0
90000.0,6.625,2.2441944586009615E-6,90000.0,0.9988780089759282,0.9593632595346239,0.992,0.9836708033964728,0.9997371004645927,0.7543859649122807,0.9915493606668924,0.9883720930232558,0.8842257597684515,90000.0,1961544.0,15.0,0.4337111658303275,0.5662888341696726,113275.79999999999,348.4465935712798,101870.93333333332,22331.409652475297,72.06666666666668,15.059248068245386,36.53333333333334,7.529624034122693,36.53333333333334,7.529624034122693,13.399999999999999,1.2421180068162374,0.0,0.0,0.0,0.0,1.0,0.0
91000.0,6.734375,2.300588756851438E-6,91000.0,0.9994435637539831,0.9510973961638572,0.989,0.9779765670673597,0.9988780089759282,0.9455252918287937,0.9888369906601252,0.9835390946502057,0.8507084265473526,91000.0,1993056.0,15.0,0.5809718473429115,0.4190281526570885,114427.53333333334,350.96415500053047,103956.26666666668,21451.27611078074,72.73333333333332,15.021254782410665,36.86666666666666,7.5106273912053325,36.86666666666666,7.5106273912053325,13.399999999999999,1.2421180068162374,0.0,0.0,0.0,0.0,1.0,0.0
92000.0,6.84375,2.3573676460526052E-6,92000.0,0.9990719406041987,0.9520395354176274,0.988,0.9759969276067336,0.9994435637539831,0.9841269841269841,0.9879587380037448,0.9838709677419355,0.8466879600055548,92000.0,2006648.0,15.0,0.36868549361665065,0.6313145063833494,115609.13333333332,357.7790352930731,104854.40000000001,21003.29099654895,73.66666666666667,14.74868840011916,37.333333333333336,7.37434420005958,37.333333333333336,7.37434420005958,13.466666666666667,1.245945806357946,0.0,0.0,0.0,0.0,1.0,0.0
93000.0,6.96875,2.4233709943170347E-6,93000.0,0.9995833333333334,0.9554249801479957,0.988,0.9759692406280038,0.9990719406041987,1.0833333333333333,0.9881347359597559,0.9846153846153847,0.8547631441957312,93000.0,2041072.0,15.0,0.45868754222885,0.5413124577711501,116825.73333333332,348.87031292171696,107130.13333333333,20633.309982600833,75.00000000000001,14.442002235542981,38.00000000000001,7.221001117771491,38.00000000000001,7.221001117771491,13.666666666666664,1.2909944487358054,0.0,0.0,0.0,0.0,1.0,0.0
94000.0,7.078125,2.4815553721661366E-6,94000.0,0.9991310667982248,0.9562133392844706,0.989,0.977684186608889,0.9995833333333334,1.2779043280182232,0.9892039003777131,0.9875222816399287,0.8727071279084081,94000.0,2056320.0,15.0,0.355749366855353,0.644250633144647,118105.73333333332,347.12996056781094,108139.73333333332,20430.511382546967,75.4,14.044826195334096,38.2,7.022413097667048,38.2,7.022413097667048,13.666666666666664,1.2909944487358054,0.0,0.0,0.0,0.0,1.0,0.0
95000.0,7.1875,2.540302941472166E-6,95000.0,0.9998268783696889,0.962652264073434,0.99,0.9794485638656429,0.9991310667982248,1.4154589371980677,0.9910919618180077,0.984641638225256,0.8887196907578774,95000.0,2076224.0,15.0,0.44958838804299334,0.5504116119570066,119376.66666666667,347.0620913296271,109453.33333333333,19376.94999833811,76.86666666666666,13.574485871172678,38.93333333333333,6.787242935586339,38.93333333333333,6.787242935586339,13.933333333333334,1.0997835284835873,0.0,0.0,0.0,0.0,1.0,0.0
96000.0,7.296875,2.599671198469069E-6,96000.0,0.999978982765868,0.9664223582683249,0.993,0.9853354003435706,0.9998268783696889,1.564102564102564,0.9942457393240036,0.9885245901639345,0.9247227512042119,96000.0,2098160.0,15.0,0.34734289729630424,0.6526571027036957,120736.06666666667,336.6680150845216,110903.46666666666,19288.722500343003,77.8,13.197402341803048,39.4,6.598701170901524,39.4,6.598701170901524,13.933333333333334,1.0997835284835873,0.0,0.0,0.0,0.0,1.0,0.0
97000.0,7.421875,2.6683264877647157E-6,97000.0,0.9973104916319325,0.9529513969805569,0.988,0.9745593466840228,0.999978982765868,1.6385224274406331,0.9882810456208899,0.9871175523349437,0.8749194068343004,97000.0,2123080.0,15.0,0.420990273368867,0.5790097266311329,122098.20000000001,336.85991153593665,112549.33333333333,17969.789674684038,79.53333333333335,13.447605557797088,40.26666666666667,6.723802778898544,40.26666666666667,6.723802778898544,14.066666666666665,1.1629191512658785,0.0,0.0,0.0,0.0,1.0,0.0
98000.0,7.53125,2.7294968216059103E-6,98000.0,0.9985027885027885,0.9472053629368249,0.986,0.9700034281796366,0.9973104916319325,1.7027027027027026,0.9855411159821246,0.9873015873015873,0.8582058701942951,98000.0,2161848.0,15.0,0.4681141152717667,0.5318858847282333,123532.79999999999,323.1592265653071,115113.59999999999,18574.830823301887,80.86666666666667,13.927704490724674,40.93333333333334,6.963852245362337,40.93333333333334,6.963852245362337,14.200000000000001,1.264911064067352,0.0,0.0,0.0,0.0,1.0,0.0
99000.0,7.625,2.7825494180433447E-6,99000.0,0.9998356344510191,0.9590169649926157,0.995,0.9886314027939465,0.9985027885027885,2.0864197530864197,0.9962949113068168,0.992603550295858,0.9504999999999999,99000.0,2187448.0,15.0,0.170036168097983,0.8299638319020171,125044.06666666668,334.2690248174042,116804.79999999999,18866.8752928058,82.06666666666665,13.874265317314583,41.533333333333324,6.9371326586572915,41.533333333333324,6.9371326586572915,14.200000000000001,1.264911064067352,0.0,0.0,0.0,0.0,1.0,0.0
100000.0,7.75,2.8544816692980623E-6,100000.0,0.9996530339977814,0.9567758450366606,0.989,0.9733167735612889,0.9998356344510191,2.484320557491289,0.990200283376667,0.9873772791023843,0.893068921940313,100000.0,2224416.0,15.0,0.15189092213472996,0.8481090778652701,126682.53333333333,341.18090439502794,119248.53333333333,18191.988809310962,83.53333333333333,13.125039682479688,42.266666666666666,6.562519841239844,42.266666666666666,6.562519841239844,14.333333333333332,1.2909944487358054,0.0,0.0,0.0,0.0,1.0,0.0
101000.0,7.859375,2.917756501119583E-6,101000.0,0.9999247648902821,0.9643107074249839,0.991,0.977656405163853,0.9996530339977814,2.6363636363636362,0.9937737201680027,0.9875862068965517,0.9139367544025752,101000.0,2236224.0,15.0,0.256957868190284,0.743042131809716,128285.19999999998,329.3363890353754,120028.26666666666,18127.61514322699,84.6,13.420666366253421,42.8,6.710333183126711,42.8,6.710333183126711,14.533333333333331,1.2459458063579456,0.0,0.0,0.0,0.0,1.0,0.0
102000.0,7.96875,2.981286896910104E-6,102000.0,0.9999095131809134,0.9634945284167772,0.991,0.9775567813432017,0.9999247648902821,2.6496350364963503,0.992658701458354,0.9889807162534435,0.915282392026578,102000.0,2245256.0,15.0,0.38553318575943585,0.6144668142405642,129845.66666666666,320.68401596468794,120626.66666666666,18427.06274813785,84.73333333333332,13.750151514316736,42.86666666666666,6.875075757158368,42.86666666666666,6.875075757158368,14.533333333333331,1.2459458063579456,0.0,0.0,0.0,0.0,1.0,0.0
103000.0,8.078125,3.045139181065476E-6,103000.0,0.9985686954613333,0.959770206998239,0.994,0.9857143537411727,0.9999095131809134,2.3444816053511706,0.9938023298504475,0.9942938659058488,0.9444993264481365,103000.0,2256632.0,15.0,0.3486922808962444,0.6513077191037557,131429.19999999998,326.3005188034957,121379.73333333335,18288.96157118771,85.26666666666665,13.645861050498938,43.133333333333326,6.822930525249469,43.133333333333326,6.822930525249469,14.6,1.2983506020002014,0.0,0.0,0.0,0.0,1.0,0.0
104000.0,8.203125,3.118632432435535E-6,104000.0,0.9988363986056016,0.9576891140754029,0.988,0.97143197238424,0.9985686954613333,2.389830508474576,0.9904848426828982,0.9843971631205674,0.8908136482939631,104000.0,2272688.0,15.0,0.3289223453175882,0.6710776546824118,133006.46666666667,344.2351494185857,122440.53333333334,18276.77832608779,86.33333333333334,14.216020473228014,43.66666666666667,7.108010236614007,43.66666666666667,7.108010236614007,14.666666666666666,1.234426799696735,0.0,0.0,0.0,0.0,1.0,0.0
105000.0,8.296875,3.1740253648927635E-6,105000.0,0.9994923882884614,0.9596498098494961,0.989,0.973038687033079,0.9988363986056016,2.5335689045936394,0.9891208068924222,0.9888423988842399,0.9013916161529923,105000.0,2283944.0,15.0,0.3969068306986202,0.6030931693013798,134569.2666666667,355.96698616317025,123185.59999999999,18733.002614942125,86.6,14.105723255878393,43.8,7.052861627939197,43.8,7.052861627939197,14.666666666666666,1.234426799696735,0.0,0.0,0.0,0.0,1.0,0.0
106000.0,8.421875,3.2483086882469546E-6,106000.0,0.9994769272113022,0.9542047388332392,0.989,0.9737349811846956,0.9994923882884614,2.3783783783783785,0.9892504235487597,0.9886363636363636,0.9029061537180447,106000.0,2297120.0,15.0,0.3420373532711327,0.6579626467288672,136155.60000000003,340.8312946731378,124056.53333333333,19628.85746571929,87.4,14.085453489327204,44.2,7.042726744663602,44.2,7.042726744663602,14.733333333333333,1.2227992865708153,0.0,0.0,0.0,0.0,1.0,0.0
107000.0,8.53125,3.3138944612195084E-6,107000.0,0.9987347763557918,0.9548054566664903,0.988,0.9728221481374112,0.9994769272113022,2.067484662576687,0.9887200370774012,0.9866468842729971,0.8959059586542358,107000.0,2317896.0,15.0,0.397075118359127,0.602924881640873,137692.06666666668,329.1320765430255,125431.46666666667,19763.40987737066,88.06666666666665,14.47888446110733,44.533333333333324,7.239442230553665,44.533333333333324,7.239442230553665,14.8,1.01418510567422,0.0,0.0,0.0,0.0,1.0,0.0
108000.0,8.640625,3.3807059905181318E-6,108000.0,0.9973209593874334,0.9342907510011649,0.978,0.9486672142163817,0.9987347763557918,2.2467532467532467,0.9768931600885332,0.9797687861271677,0.8120699201138968,108000.0,2361216.0,15.0,0.4312920279369956,0.5687079720630043,139301.66666666666,328.99797365130905,128294.93333333333,20020.523838824807,90.20000000000002,15.133689947549847,45.60000000000001,7.5668449737749235,45.60000000000001,7.5668449737749235,15.066666666666665,0.9611501047232545,0.0,0.0,0.0,0.0,1.0,0.0
109000.0,8.75,3.4481221357256993E-6,109000.0,0.9996540439457691,0.9541055346367516,0.991,0.9790551547591343,0.9973209593874334,2.225806451612903,0.9917000104396174,0.9898550724637681,0.9242646491160349,109000.0,2382584.0,15.0,0.24920861748878456,0.7507913825112154,140872.73333333334,353.60540288912296,129709.33333333334,20822.849354449427,90.86666666666667,15.918841786057293,45.93333333333334,7.959420893028646,45.93333333333334,7.959420893028646,15.066666666666665,0.9611501047232545,0.0,0.0,0.0,0.0,1.0,0.0
110000.0,8.875,3.52561981546589E-6,110000.0,0.999456046624575,0.9610094324169722,0.991,0.9782996576168201,0.9996540439457691,2.4482758620689653,0.9926343598307781,0.9887323943661972,0.9252435248810692,110000.0,2396520.0,15.0,0.37598436441476535,0.6240156355852345,142496.26666666666,341.41542911546344,130629.33333333334,21217.32847955943,91.80000000000001,16.19170863656546,46.400000000000006,8.09585431828273,46.400000000000006,8.09585431828273,15.133333333333333,0.9154754164341268,0.0,0.0,0.0,0.0,1.0,0.0
111000.0,8.984375,3.5938266470717877E-6,111000.0,0.9997858661955723,0.9577818876101012,0.99,0.9758648819551377,0.999456046624575,2.4602076124567476,0.9919301208430976,0.9873417721518988,0.9179722140112325,111000.0,2410528.0,15.0,0.2144692481928639,0.785530751807136,144140.73333333337,340.44371606701293,131556.2666666667,21461.70242038017,92.2,16.067713856408712,46.6,8.033856928204356,46.6,8.033856928204356,15.2,0.9411239481143201,0.0,0.0,0.0,0.0,1.0,0.0
112000.0,9.109375,3.671994361664271E-6,112000.0,0.9989870055593523,0.9517405853449362,0.991,0.9782111868608615,0.9997858661955723,2.4364261168384878,0.98959539541268,0.9929478138222849,0.927078058308616,112000.0,2417240.0,15.0,0.2926553751069643,0.7073446248930358,145779.86666666664,346.30949549019584,132000.53333333335,21456.79075280187,92.46666666666665,16.043987154367954,46.73333333333333,8.021993577183977,46.73333333333333,8.021993577183977,15.2,0.9411239481143201,0.0,0.0,0.0,0.0,1.0,0.0
113000.0,9.234375,3.7506057479832726E-6,113000.0,0.9999346646194914,0.9605250094636619,0.99,0.9768294321820651,0.9989870055593523,2.215434083601286,0.9918488584172568,0.9869375907111756,0.9200509409933493,113000.0,2430960.0,15.0,0.19868956012607428,0.8013104398739258,147300.6,332.91221494132645,132907.73333333334,21988.544938108975,93.0,15.892495983055289,47.0,7.9462479915276445,47.0,7.9462479915276445,15.266666666666667,0.961150104723255,0.0,0.0,0.0,0.0,1.0,0.0
114000.0,9.34375,3.819907724391668E-6,114000.0,0.9994763533435547,0.9565126074122775,0.987,0.9694764029114815,0.9999346646194914,2.278688524590164,0.9869677993541156,0.9870503597122302,0.8973613131103261,114000.0,2449232.0,15.0,0.16028622809232143,0.8397137719076787,148864.99999999997,321.8198253681756,134115.19999999998,22735.11666123577,93.80000000000001,16.349748796672245,47.400000000000006,8.174874398336122,47.400000000000006,8.174874398336122,15.399999999999999,1.055597325823495,0.0,0.0,0.0,0.0,1.0,0.0
115000.0,9.453125,3.889658126152223E-6,115000.0,0.9994651302454771,0.9485602229473975,0.985,0.9652185204422349,0.9994763533435547,2.2467532467532467,0.9882245284548151,0.9797687861271677,0.8830270563504441,115000.0,2465080.0,15.0,0.3558032988987627,0.6441967011012375,150387.93333333332,322.8010149273126,135161.6,23162.49089985173,95.0,16.681897802279998,48.0,8.340948901139999,48.0,8.340948901139999,15.533333333333333,0.990430401872025,0.0,0.0,0.0,0.0,1.0,0.0
116000.0,9.578125,3.9697337585190924E-6,116000.0,0.9999360689275316,0.9639613230217142,0.992,0.980453479280688,0.9994651302454771,2.5211267605633805,0.9933462444436101,0.9902234636871509,0.9382609274166721,116000.0,2476240.0,15.0,0.2697902167900036,0.7302097832099964,152018.40000000002,316.3526061668669,135900.80000000002,23945.379140273148,95.13333333333334,16.894067710575918,48.06666666666667,8.447033855287959,48.06666666666667,8.447033855287959,15.533333333333333,0.990430401872025,0.0,0.0,0.0,0.0,1.0,0.0
117000.0,9.6875,4.039945488329976E-6,117000.0,0.997802711547452,0.9454325927872521,0.984,0.9629286376274327,0.9999360689275316,2.225806451612903,0.9857303531523008,0.981159420289855,0.8779740564500357,117000.0,2481384.0,15.0,0.23758086213271584,0.7624191378672841,153598.93333333335,309.90354874348577,136242.13333333333,24090.346987558154,95.53333333333333,16.74116682512502,48.266666666666666,8.37058341256251,48.266666666666666,8.37058341256251,15.6,0.985610760609162,0.0,0.0,0.0,0.0,1.0,0.0
118000.0,9.8125,4.121198467651589E-6,118000.0,0.9996508379888268,0.9495968698529725,0.989,0.9732083706792408,0.997802711547452,2.5211267605633805,0.9912424378226357,0.9860335195530726,0.916928,118000.0,2512648.0,15.0,0.24695586392133403,0.7530441360786658,155247.33333333334,309.9978494549083,138309.33333333334,23523.853069556764,96.60000000000001,16.63387249818016,48.800000000000004,8.31693624909008,48.800000000000004,8.31693624909008,15.666666666666666,1.046536236944567,0.0,0.0,0.0,0.0,1.0,0.0
119000.0,9.9375,4.202727998037719E-6,119000.0,0.9999566398797479,0.9627345137457136,0.995,0.9880149956374584,0.9996508379888268,2.401360544217687,0.9964526316014705,0.9929178470254958,0.9626232803568063,119000.0,2521200.0,15.0,0.4621735609937559,0.537826439006244,156833.0,290.8460564825162,138873.06666666668,23759.34080214308,97.39999999999999,17.057884645272654,49.199999999999996,8.528942322636327,49.199999999999996,8.528942322636327,15.666666666666666,1.046536236944567,0.0,0.0,0.0,0.0,1.0,0.0
120000.0,10.0625,4.285000258177105E-6,120000.0,0.9996797181519738,0.9477060897865578,0.986,0.9653575104917254,0.9999566398797479,2.6231884057971016,0.9880785106690948,0.9834254143646409,0.896264279098487,120000.0,2544168.0,15.0,0.16946324950299224,0.8305367504970078,158500.06666666668,296.72966693287543,140393.06666666668,24298.006759716693,98.06666666666666,16.883917396939218,49.53333333333333,8.441958698469609,49.53333333333333,8.441958698469609,15.666666666666666,1.046536236944567,0.0,0.0,0.0,0.0,1.0,0.0
121000.0,10.1875,4.367594342006163E-6,121000.0,0.9990761163996594,0.9538305634377432,0.988,0.971266569611524,0.9996797181519738,2.4246575342465753,0.9905007961924878,0.9844632768361582,0.9119306119973312,121000.0,2554120.0,15.0,0.30323723099118477,0.6967627690088152,160158.60000000003,321.8401999218086,141050.13333333333,24079.295189811837,98.86666666666666,17.11251282652829,49.93333333333333,8.556256413264146,49.93333333333333,8.556256413264146,15.666666666666666,1.046536236944567,0.0,0.0,0.0,0.0,1.0,0.0
122000.0,10.296875,4.440421245009121E-6,122000.0,0.9998244382022472,0.950428747848921,0.987,0.9687217292552884,0.9990761163996594,2.4722222222222223,0.9908287304240364,0.9817415730337079,0.9054545454545453,122000.0,2573808.0,15.0,0.19740117439699453,0.8025988256030054,161839.40000000002,322.59700645143766,142352.00000000003,24256.27176628757,99.66666666666669,17.787100730050195,50.33333333333334,8.893550365025098,50.33333333333334,8.893550365025098,15.733333333333334,1.0997835284835873,0.0,0.0,0.0,0.0,1.0,0.0
123000.0,10.421875,4.523906811502658E-6,123000.0,0.9992371588404815,0.955047948761279,0.988,0.9718494885990429,0.9998244382022472,2.2679738562091503,0.9877000616214594,0.9884726224783862,0.9135881974123294,123000.0,2581688.0,15.0,0.26813689770275667,0.7318631022972435,163409.46666666665,322.86460379074356,142872.0,24557.50289771801,100.46666666666668,18.243850888397855,50.73333333333334,9.121925444198927,50.73333333333334,9.121925444198927,15.733333333333334,1.0997835284835873,0.0,0.0,0.0,0.0,1.0,0.0
124000.0,10.546875,4.60798195692607E-6,124000.0,0.9999428571428571,0.9609758008609476,0.991,0.9787535410764873,0.9992371588404815,2.3333333333333335,0.9935506313937187,0.9871428571428571,0.935791956734365,124000.0,2599920.0,15.0,0.43773420310957706,0.5622657968904229,164926.2666666667,318.10835231021696,144079.46666666667,25020.86141564579,100.60000000000001,18.161183095508157,50.800000000000004,9.080591547754079,50.800000000000004,9.080591547754079,15.733333333333334,1.0997835284835873,0.0,0.0,0.0,0.0,1.0,0.0
125000.0,10.671875,4.692301057123889E-6,125000.0,0.9991023711212075,0.9577215019360164,0.991,0.9793027320393708,0.9999428571428571,2.134796238244514,0.9900559255119836,0.9926578560939795,0.9364406779661016,125000.0,2607464.0,15.0,0.332807802916792,0.667192197083208,166448.6666666667,339.9263925925037,144579.19999999998,25380.77901314863,100.86666666666666,18.384258276605895,50.93333333333333,9.192129138302947,50.93333333333333,9.192129138302947,15.799999999999999,1.0823255385643318,0.0,0.0,0.0,0.0,1.0,0.0
126000.0,10.796875,4.7768154763616614E-6,126000.0,0.9998941910908898,0.958376733279934,0.99,0.9750922830911473,0.9991023711212075,2.663003663003663,0.9930986062902721,0.9862448418156808,0.929894842263395,126000.0,2613504.0,15.0,0.3922587874120032,0.607741212587997,168100.73333333328,349.0725398756648,144977.59999999998,25168.023830703467,101.39999999999999,18.718974330876144,51.199999999999996,9.359487165438072,51.199999999999996,9.359487165438072,15.799999999999999,1.0823255385643318,0.0,0.0,0.0,0.0,1.0,0.0
127000.0,10.921875,4.86170087242499E-6,127000.0,0.9990111318302537,0.9584447121712936,0.992,0.9812329923993619,0.9998941910908898,2.2679738562091503,0.9924086990242116,0.9913544668587896,0.9444170906504732,127000.0,2624976.0,15.0,0.2835297446288695,0.7164702553711306,169697.6,336.8443472669728,145737.6,25983.990710765407,101.53333333333333,18.844728958618898,51.266666666666666,9.422364479309449,51.266666666666666,9.422364479309449,15.799999999999999,1.0823255385643318,0.0,0.0,0.0,0.0,1.0,0.0
128000.0,11.046875,4.946773567806101E-6,128000.0,0.9998767932738984,0.9581853154959195,0.99,0.9756193894119884,0.9990111318302537,2.5335689045936394,0.9930020133943838,0.9860529986052998,0.9310419135868979,128000.0,2630768.0,15.0,0.36716576903503945,0.6328342309649605,171314.26666666666,312.47021953337565,146118.4,26912.11724112393,102.33333333333334,18.998746825840403,51.66666666666667,9.499373412920201,51.66666666666667,9.499373412920201,15.799999999999999,1.0823255385643318,0.0,0.0,0.0,0.0,1.0,0.0
129000.0,11.15625,5.021313360581795E-6,129000.0,0.9999638172772501,0.9613254794742241,0.992,0.9820192394138272,0.9998767932738984,2.0303030303030303,0.9940119222084498,0.9880597014925373,0.9453737031547744,129000.0,2634344.0,15.0,0.3798619463297948,0.6201380536702052,172814.06666666668,319.3975280937196,146354.1333333333,26849.7134591432,102.73333333333333,18.729147134371935,51.86666666666667,9.364573567185968,51.86666666666667,9.364573567185968,15.866666666666665,1.1254628677422753,0.0,0.0,0.0,0.0,1.0,0.0
130000.0,11.28125,5.107235887812243E-6,130000.0,0.9999066637421306,0.9614044020651236,0.989,0.9745346791369571,0.9999638172772501,2.215434083601286,0.9911192894635034,0.9854862119013063,0.9255324688850699,130000.0,2657048.0,15.0,0.5234976738455732,0.47650232615442695,174397.46666666665,328.55220647707563,147858.13333333333,26613.21029077387,103.0,18.913336186783276,52.0,9.456668093391638,52.0,9.456668093391638,15.866666666666665,1.1254628677422753,0.0,0.0,0.0,0.0,1.0,0.0
131000.0,11.40625,5.1934657514923145E-6,131000.0,0.9994612462561181,0.9542017270885382,0.989,0.975029057097196,0.9999066637421306,2.0864197530864197,0.9902503389551865,0.9866863905325444,0.9262047421518922,131000.0,2666552.0,15.0,0.18798780441052204,0.812012195589478,175950.86666666667,332.66926232406104,148484.8,26667.947039738287,103.93333333333332,18.86594311249267,52.46666666666666,9.432971556246335,52.46666666666666,9.432971556246335,16.0,1.133893419027682,0.0,0.0,0.0,0.0,1.0,0.0
132000.0,11.53125,5.280049259050024E-6,132000.0,0.999739320592225,0.9565897388875726,0.988,0.971265331143113,0.9994612462561181,2.4129692832764507,0.989508129219886,0.9858557284299858,0.9200807265388495,132000.0,2677488.0,15.0,0.1142411867398256,0.8857588132601745,177489.46666666667,341.15703687528077,149206.39999999997,26810.633319103617,104.73333333333333,18.54518291966433,52.86666666666667,9.272591459832165,52.86666666666667,9.272591459832165,16.066666666666666,1.2227992865708155,0.0,0.0,0.0,0.0,1.0,0.0
133000.0,11.671875,5.377845114303959E-6,133000.0,0.9997684134906231,0.9537473182263513,0.991,0.9788688743214561,0.999739320592225,2.289473684210526,0.9925996592204601,0.9885057471264368,0.9405187835420393,133000.0,2688192.0,15.0,0.2299266625948303,0.7700733374051699,179062.2666666667,339.0352840185256,149913.06666666662,26334.396213390013,105.4,18.74947618315928,53.2,9.37473809157964,53.2,9.37473809157964,16.133333333333333,1.0600988273786194,0.0,0.0,0.0,0.0,1.0,0.0
134000.0,11.796875,5.465419963002204E-6,134000.0,0.9993498589055497,0.9536494353504934,0.988,0.9725189161460528,0.9997684134906231,2.1446540880503147,0.9895151104559325,0.9853372434017595,0.9213384208981508,134000.0,2708144.0,15.0,0.3728038769164188,0.6271961230835813,180559.26666666666,353.4191090853311,151234.66666666666,26675.32889786973,105.66666666666666,18.603635077458335,53.33333333333333,9.301817538729168,53.33333333333333,9.301817538729168,16.133333333333333,1.0600988273786194,0.0,0.0,0.0,0.0,1.0,0.0
135000.0,11.9375,5.564712337218224E-6,135000.0,0.9999316239316239,0.9593212779744085,0.993,0.9841341795104261,0.9993498589055497,2.076923076923077,0.9948013015821952,0.9896296296296296,0.9544951124380026,135000.0,2729328.0,15.0,0.2878156959803484,0.7121843040196516,182128.80000000002,350.70606333102097,152634.66666666666,26226.625453280623,106.6,18.596466638277594,53.8,9.298233319138797,53.8,9.298233319138797,16.2,1.1464230084422218,0.0,0.0,0.0,0.0,1.0,0.0
136000.0,12.078125,5.664279160555451E-6,136000.0,0.9997355451376367,0.9641346591855031,0.993,0.9832535885167464,0.9999316239316239,2.389830508474576,0.9940464681366772,0.9914893617021276,0.9548001139492925,136000.0,2736872.0,15.0,0.28526765622564826,0.7147323437743517,183670.53333333333,358.3218558516226,153133.3333333333,26366.2337596151,107.13333333333333,18.66190415436396,54.06666666666666,9.33095207718198,54.06666666666666,9.33095207718198,16.266666666666666,1.0997835284835873,0.0,0.0,0.0,0.0,1.0,0.0
137000.0,12.21875,5.764207744505255E-6,137000.0,0.9998545529614894,0.95965537019462,0.989,0.9744024126889567,0.9997355451376367,2.2467532467532467,0.9911353581124746,0.9855491329479769,0.9294805802526906,137000.0,2746816.0,15.0,0.14544948675775038,0.8545505132422496,185219.93333333332,342.66111261016545,153791.46666666667,26391.691414065113,107.26666666666667,18.698612120638664,54.13333333333333,9.349306060319332,54.13333333333333,9.349306060319332,16.266666666666666,1.0997835284835873,0.0,0.0,0.0,0.0,1.0,0.0
138000.0,12.390625,5.886703729629515E-6,138000.0,0.9998626835423858,0.9586660664106261,0.987,0.9695347725419248,0.9998545529614894,2.3003300330033003,0.9897170544228712,0.9827833572453372,0.9172241960042448,138000.0,2754936.0,15.0,0.2574350582645031,0.7425649417354969,186788.80000000002,331.989070388082,154325.86666666667,25667.18335559092,108.2,18.697593428032388,54.6,9.348796714016194,54.6,9.348796714016194,16.266666666666666,1.0997835284835873,0.0,0.0,0.0,0.0,1.0,0.0
139000.0,12.53125,5.9876023442484425E-6,139000.0,0.9999,0.9673285310742212,0.991,0.9787133396404919,0.9998626835423858,2.3333333333333335,0.992610795063297,0.9885714285714285,0.9430664906931233,139000.0,2773480.0,15.0,0.32299444610302586,0.677005553896974,188350.66666666666,322.56907713513544,155552.0,27371.702092280848,108.86666666666666,19.427030751237403,54.93333333333333,9.713515375618702,54.93333333333333,9.713515375618702,16.266666666666666,1.0997835284835873,0.0,0.0,0.0,0.0,1.0,0.0
140000.0,12.640625,6.06610145445706E-6,140000.0,0.9996420741801262,0.9597033783216257,0.993,0.9826958826088676,0.9999,2.5842293906810037,0.9940441753005288,0.9916782246879334,0.9559590149200071,140000.0,2774272.0,15.0,0.3020452182750681,0.697954781724932,190034.66666666666,314.47227147049085,155602.13333333333,27252.22640935354,109.53333333333335,19.66093540379961,55.26666666666667,9.830467701899805,55.26666666666667,9.830467701899805,16.266666666666666,1.0997835284835873,0.0,0.0,0.0,0.0,1.0,0.0
141000.0,12.8125,6.189915713750652E-6,141000.0,0.9999236637579377,0.9617131569015698,0.992,0.9810612337659264,0.9996420741801262,2.3444816053511706,0.9942774923589981,0.9885877318116976,0.9499800452308101,141000.0,2784584.0,15.0,0.18190223436884911,0.8180977656311509,191555.99999999997,302.1742638185572,156284.80000000002,27062.019740905205,109.66666666666667,19.86621923433512,55.333333333333336,9.93310961716756,55.333333333333336,9.93310961716756,16.266666666666666,1.0997835284835873,0.0,0.0,0.0,0.0,1.0,0.0
142000.0,12.953125,6.291701122083596E-6,142000.0,0.9997024723587223,0.9635491558305015,0.993,0.9832858971175336,0.9999236637579377,2.3783783783783785,0.9940461193256767,0.9914772727272727,0.956493193854773,142000.0,2797856.0,15.0,0.36872290666555907,0.631277093334441,193107.2,310.8622110931384,157163.2,27006.18541636076,109.93333333333334,19.95518789211276,55.46666666666667,9.97759394605638,55.46666666666667,9.97759394605638,16.266666666666666,1.0997835284835873,0.0,0.0,0.0,0.0,1.0,0.0
143000.0,13.09375,6.394022622973553E-6,143000.0,0.9997153723469513,0.9598047338437367,0.986,0.966077875505803,0.9997024723587223,2.508771929824561,0.98912749721238,0.9818181818181818,0.9134532249697388,143000.0,2812592.0,15.0,0.5425705821506771,0.45742941784932306,194654.53333333333,321.8912564087156,158138.13333333333,27601.472170537432,110.46666666666668,19.83455378397819,55.73333333333334,9.917276891989095,55.73333333333334,9.917276891989095,16.266666666666666,1.0997835284835873,0.0,0.0,0.0,0.0,1.0,0.0
144000.0,13.25,6.508162995386453E-6,144000.0,0.9998861458471697,0.9634841771508147,0.99,0.9764572935304643,0.9997153723469513,2.3112582781456954,0.9918858070469315,0.9871060171919771,0.938550823589656,144000.0,2823720.0,15.0,0.26020190291407813,0.7397980970859218,196213.19999999998,320.9201502821901,158873.6,27640.021368608654,111.0,19.8134153686695,56.0,9.90670768433475,56.0,9.90670768433475,16.266666666666666,1.0997835284835873,0.0,0.0,0.0,0.0,1.0,0.0
145000.0,13.40625,6.622465379122229E-6,145000.0,0.9999425262583157,0.9665462365785437,0.995,0.9880842301936075,0.9998861458471697,2.367003367003367,0.9964374664104978,0.9928876244665719,0.9694492436054106,145000.0,2827728.0,15.0,0.3524781649625079,0.6475218350374922,197795.6666666667,298.4928012213171,159138.13333333333,27953.05590722382,111.4,20.00285693880466,56.2,10.00142846940233,56.2,10.00142846940233,16.266666666666666,1.0997835284835873,0.0,0.0,0.0,0.0,1.0,0.0
146000.0,13.5625,6.737009324650796E-6,146000.0,0.9998852995288104,0.964884448962137,0.993,0.9839814001171646,0.9999425262583157,2.115264797507788,0.993202688449388,0.9926362297496318,0.9575087310826542,146000.0,2833704.0,15.0,0.2523262712778076,0.7476737287221924,199314.8,280.84113455322307,159532.79999999996,27950.79330128984,111.8,20.039960079800554,56.4,10.019980039900277,56.4,10.019980039900277,16.266666666666666,1.0997835284835873,0.0,0.0,0.0,0.0,1.0,0.0
147000.0,13.703125,6.840175709738912E-6,147000.0,0.9996863102961516,0.9619784208160768,0.993,0.9834120078105746,0.9998852995288104,2.3222591362126246,0.9931011703990578,0.9928469241773963,0.9577464788732394,147000.0,2835816.0,15.0,0.19595235632337582,0.8040476436766243,200863.3333333333,290.37110901806346,159670.4,27701.37625461956,112.60000000000001,20.787358796015564,56.800000000000004,10.393679398007782,56.800000000000004,10.393679398007782,16.266666666666666,1.0997835284835873,0.0,0.0,0.0,0.0,1.0,0.0
148000.0,13.84375,6.9439358129683454E-6,148000.0,0.9998904761904762,0.9633200186917193,0.994,0.9857685009487666,0.9996863102961516,2.3333333333333335,0.9947600811490271,0.9928571428571429,0.9639800429967955,148000.0,2852136.0,15.0,0.28351302280878893,0.7164869771912113,202491.93333333332,294.96960295370707,160748.8,26973.428245484218,113.4,20.718521734359882,57.2,10.359260867179941,57.2,10.359260867179941,16.266666666666666,1.0997835284835873,0.0,0.0,0.0,0.0,1.0,0.0
149000.0,13.984375,7.0482299714866595E-6,149000.0,0.9995533307662687,0.9627843959706991,0.988,0.9694897154915969,0.9998904761904762,2.7735849056603774,0.9894190571210337,0.9863945578231292,0.928244642427161,149000.0,2866816.0,15.0,0.4294011616840516,0.5705988383159484,204139.73333333337,323.1075598590864,161721.6,27720.3512985367,113.53333333333333,20.66697388404528,57.266666666666666,10.33348694202264,57.266666666666666,10.33348694202264,16.266666666666666,1.0997835284835873,0.0,0.0,0.0,0.0,1.0,0.0
150000.0,14.109375,7.141365592057505E-6,150000.0,0.9999611461874697,0.9683487985984363,0.994,0.9855184398532535,0.9995533307662687,2.4482758620689653,0.9957656831678062,0.9915492957746479,0.964297048556014,150000.0,2880104.0,15.0,0.10090052188123302,0.8990994781187668,205751.06666666665,314.7628283251458,162600.53333333335,27984.401282210933,113.93333333333334,20.492042590327824,57.46666666666667,10.246021295163912,57.46666666666667,10.246021295163912,16.266666666666666,1.0997835284835873,0.0,0.0,0.0,0.0,1.0,0.0
151000.0,14.25,7.246624251517155E-6,151000.0,0.9981184103811841,0.952808465481224,0.987,0.9700046146746654,0.9999611461874697,2.1746031746031744,0.9870814260378987,0.9868613138686131,0.92308897856835,151000.0,2893328.0,15.0,0.4374527541905266,0.5625472458094734,207326.2,310.3521502146506,163474.6666666667,27860.714898700397,114.73333333333335,20.040910539147042,57.866666666666674,10.020455269573521,57.866666666666674,10.020455269573521,16.400000000000002,1.2421180068162383,0.0,0.0,0.0,0.0,1.0,0.0
152000.0,14.390625,7.352277849956104E-6,152000.0,0.999907935499611,0.9609949111062276,0.988,0.9726540601884135,0.9981184103811841,2.134796238244514,0.9911502684384192,0.9823788546255506,0.9294172277687485,152000.0,2904184.0,15.0,0.3691837432582884,0.6308162567417115,208815.53333333333,305.45232657409053,164192.53333333333,27778.604464244643,115.13333333333333,20.03520710672899,58.06666666666666,10.017603553364495,58.06666666666666,10.017603553364495,16.466666666666665,1.1872336794093272,0.0,0.0,0.0,0.0,1.0,0.0
153000.0,14.53125,7.45840409460167E-6,153000.0,0.999872391107078,0.957822756453821,0.987,0.9696448919358153,0.999907935499611,2.289473684210526,0.9906168982409193,0.9813218390804598,0.9239271781534459,153000.0,2917176.0,15.0,0.3752594134329692,0.6247405865670307,210387.4,307.05113580639494,165050.66666666666,27307.71121514076,115.8,20.182028780929972,58.4,10.091014390464986,58.4,10.091014390464986,16.6,1.2421180068162376,0.0,0.0,0.0,0.0,1.0,0.0
154000.0,14.65625,7.5532880146056405E-6,154000.0,0.9980173002084141,0.9493757118836462,0.986,0.9678851941569404,0.999872391107078,2.1446540880503147,0.9863787630720124,0.9853372434017595,0.9185308343409915,154000.0,2934168.0,15.0,0.2829952510461448,0.7170047489538551,211966.2,329.0330421965879,166176.53333333338,27892.592272774455,116.19999999999997,20.43526363911169,58.59999999999999,10.217631819555844,58.59999999999999,10.217631819555844,16.666666666666668,1.1751393027860066,0.0,0.0,0.0,0.0,1.0,0.0
155000.0,14.796875,7.660359842702745E-6,155000.0,0.9997323327444654,0.9630130566322782,0.993,0.9829841022898537,0.9980173002084141,2.4602076124567476,0.9919939003076125,0.9943741209563994,0.959443800695249,155000.0,2943168.0,15.0,0.3045358323817504,0.6954641676182496,213584.93333333332,333.35083763563915,166769.06666666668,28263.75817561288,117.26666666666665,20.933454655396083,59.133333333333326,10.466727327698042,59.133333333333326,10.466727327698042,16.733333333333334,1.1629191512658792,0.0,0.0,0.0,0.0,1.0,0.0
156000.0,14.9375,7.768092036712914E-6,156000.0,0.9998476190476191,0.9595580795203013,0.988,0.9717514124293785,0.9997323327444654,2.3333333333333335,0.9913915184512841,0.9828571428571429,0.9308024987986544,156000.0,2961320.0,15.0,0.4710981057451782,0.5289018942548218,215168.46666666665,342.05802905076644,167968.53333333335,28257.961502321177,118.06666666666666,21.525621499793704,59.53333333333333,10.762810749896852,59.53333333333333,10.762810749896852,16.733333333333334,1.1629191512658792,0.0,0.0,0.0,0.0,1.0,0.0
157000.0,15.078125,7.87621276685968E-6,157000.0,0.9999762356284964,0.9680984722590287,0.996,0.9905300788370937,0.9998476190476191,2.3222591362126246,0.997134664597474,0.994277539341917,0.977041748921547,157000.0,2972000.0,15.0,0.35665357473418424,0.6433464252658156,216707.06666666665,332.92673296660104,168674.1333333333,28776.967054192766,118.60000000000001,21.356832295878657,59.800000000000004,10.678416147939329,59.800000000000004,10.678416147939329,16.733333333333334,1.1629191512658792,0.0,0.0,0.0,0.0,1.0,0.0
158000.0,15.21875,7.984940602909773E-6,158000.0,0.9996275443077162,0.9608852977683197,0.989,0.9735820780817707,0.9999762356284964,2.4246575342465753,0.990215071633005,0.9872881355932204,0.9371337625696302,158000.0,2988688.0,15.0,0.2625917146259927,0.7374082853740074,218314.66666666666,324.03894533719085,169777.6,28726.96854575108,119.26666666666667,21.177706157543078,60.13333333333333,10.588853078771539,60.13333333333333,10.588853078771539,16.733333333333334,1.1629191512658792,0.0,0.0,0.0,0.0,1.0,0.0
159000.0,15.359375,8.093884971458464E-6,159000.0,0.999995308160048,0.9683658513680775,0.992,0.9813669225609302,0.9996275443077162,2.2467532467532467,0.9942028497034101,0.9884393063583815,0.9544966731058167,159000.0,2994640.0,15.0,0.04053877342626167,0.9594612265737382,219860.33333333334,317.62773958264523,170170.13333333336,29423.255714453066,119.80000000000001,21.082152234938977,60.400000000000006,10.541076117469489,60.400000000000006,10.541076117469489,16.733333333333334,1.1629191512658792,0.0,0.0,0.0,0.0,1.0,0.0
160000.0,15.5,8.203309844247996E-6,160000.0,0.9998254511145183,0.9677533804250478,0.993,0.9835642169523362,0.999995308160048,2.278688524590164,0.9940405037899124,0.9913669064748202,0.9603666088679712,160000.0,3007848.0,15.0,0.32023386995289393,0.6797661300471062,221437.93333333332,323.68050090585865,171043.73333333334,29512.655821496224,120.2,21.014280858501916,60.6,10.507140429250958,60.6,10.507140429250958,16.733333333333334,1.1629191512658792,0.0,0.0,0.0,0.0,1.0,0.0
161000.0,15.640625,8.313178550451993E-6,161000.0,0.9995111656349441,0.9555341947375552,0.986,0.9673934814911427,0.9998254511145183,2.257328990228013,0.9880699027062428,0.9826839826839827,0.9210950080515297,161000.0,3020048.0,15.0,0.2563412494875356,0.7436587505124644,222959.40000000002,327.8130564818812,171850.13333333333,29357.52258394203,120.86666666666666,20.81848995027074,60.93333333333333,10.40924497513537,60.93333333333333,10.40924497513537,16.733333333333334,1.1629191512658792,0.0,0.0,0.0,0.0,1.0,0.0
162000.0,15.78125,8.423325489275156E-6,162000.0,0.9992196606017504,0.9645265562197586,0.991,0.9779413927314438,0.9995111656349441,2.5460992907801416,0.9926486539977226,0.9888579387186629,0.949459234608985,162000.0,3027696.0,15.0,0.38997509357139226,0.6100249064286078,224489.13333333333,307.3259941278406,172355.73333333334,28363.567757315173,121.4,21.12818023399081,61.2,10.564090116995406,61.2,10.564090116995406,16.733333333333334,1.1629191512658792,0.0,0.0,0.0,0.0,1.0,0.0
163000.0,15.9375,8.546205418598319E-6,163000.0,0.9996185794202407,0.9653809861100302,0.989,0.9742656347966049,0.9992196606017504,2.2679738562091503,0.9902426534464174,0.9870317002881844,0.938499005282294,163000.0,3039928.0,15.0,0.2691479804630738,0.7308520195369262,226038.93333333332,333.98149364184763,173162.6666666667,28420.023631905995,122.46666666666667,20.98253241786288,61.733333333333334,10.49126620893144,61.733333333333334,10.49126620893144,16.800000000000004,1.2649110640673522,0.0,0.0,0.0,0.0,1.0,0.0
164000.0,16.078125,8.657394565590138E-6,164000.0,0.9997747916823061,0.9617480538402625,0.992,0.9813335324423206,0.9996185794202407,2.2467532467532467,0.9933128825785429,0.9898843930635838,0.9554680605525762,164000.0,3056344.0,15.0,0.39293683832875015,0.6070631616712499,227632.40000000002,335.937026411629,174246.93333333332,28498.232986492003,123.4,21.060457192161262,62.2,10.530228596080631,62.2,10.530228596080631,16.800000000000004,1.2649110640673522,0.0,0.0,0.0,0.0,1.0,0.0
165000.0,16.21875,8.769904444408084E-6,165000.0,0.9973921867072552,0.9607307534141897,0.987,0.9673645629361851,0.9997747916823061,2.7037037037037037,0.9887546297791432,0.9849315068493151,0.9278555092156598,165000.0,3092648.0,15.0,0.4518589835996514,0.5481410164003486,229269.99999999997,343.96947538990787,176648.0,28857.007230232906,124.73333333333332,21.191193139289418,62.86666666666666,10.595596569644709,62.86666666666666,10.595596569644709,17.000000000000004,1.309307341415954,0.0,0.0,0.0,0.0,1.0,0.0
166000.0,16.375,8.895567993426486E-6,166000.0,0.9995269741802837,0.9559361984424612,0.988,0.9721485965213597,0.9973921867072552,2.236245954692557,0.9904020969671878,0.984081041968162,0.9336906228154854,166000.0,3108792.0,15.0,0.29406064721276237,0.7059393527872377,230836.2,349.97371329858515,177716.8,29088.07006120747,125.0,20.9216224445975,63.0,10.46081122229875,63.0,10.46081122229875,17.000000000000004,1.309307341415954,0.0,0.0,0.0,0.0,1.0,0.0
167000.0,16.515625,9.00896030038388E-6,167000.0,0.9998498678837376,0.9645930877814619,0.992,0.9801603047377192,0.9995269741802837,2.6231884057971016,0.994459791164577,0.988950276243094,0.9559323152026915,167000.0,3116904.0,15.0,0.3512486723527895,0.6487513276472107,232448.33333333334,350.22353406006516,178253.33333333328,28842.51364780487,125.26666666666667,21.338987345991395,63.13333333333333,10.669493672995698,63.13333333333333,10.669493672995698,17.000000000000004,1.309307341415954,0.0,0.0,0.0,0.0,1.0,0.0
168000.0,16.640625,9.109958094389487E-6,168000.0,0.9998548873926166,0.9595036413239345,0.988,0.971266569611524,0.9998498678837376,2.4246575342465753,0.9905007961924878,0.9844632768361582,0.9341370185239635,168000.0,3123232.0,15.0,0.37879539485024416,0.621204605149756,234050.20000000004,332.77323896525417,178670.93333333332,29039.63083065885,125.8,21.19029427423252,63.4,10.59514713711626,63.4,10.59514713711626,17.000000000000004,1.309307341415954,0.0,0.0,0.0,0.0,1.0,0.0
169000.0,16.78125,9.224107100938756E-6,169000.0,0.9994485720919434,0.9537867075571159,0.987,0.9687788195511835,0.9998548873926166,2.4246575342465753,0.987798990796879,0.9858757062146892,0.9289019772822885,169000.0,3137704.0,15.0,0.2748285671407264,0.7251714328592737,235677.4666666667,356.98316620308236,179627.7333333333,28881.155792727717,126.46666666666668,21.90194598877547,63.73333333333334,10.950972994387735,63.73333333333334,10.950972994387735,17.000000000000004,1.309307341415954,0.0,0.0,0.0,0.0,1.0,0.0
170000.0,16.921875,9.338914145094651E-6,170000.0,0.9997349219414875,0.9593705302232911,0.988,0.9723376102461492,0.9994485720919434,2.194888178913738,0.990376000518632,0.9839883551673945,0.934644710706734,170000.0,3155792.0,15.0,0.26700724076490884,0.7329927592350912,237222.20000000004,368.26547101628734,180824.53333333335,29888.20426156365,126.86666666666666,22.187083329420897,63.93333333333333,11.093541664710449,63.93333333333333,11.093541664710449,17.000000000000004,1.309307341415954,0.0,0.0,0.0,0.0,1.0,0.0
171000.0,17.046875,9.44107583361781E-6,171000.0,0.9991951907741381,0.9545499114970061,0.984,0.9611509044555057,0.9997349219414875,2.508771929824561,0.9856385004597359,0.9818181818181818,0.9131400996857043,171000.0,3159224.0,15.0,0.2611023063723863,0.7388976936276138,238780.8,368.4275854415381,181051.20000000004,29927.545389299314,127.4,22.74328786383233,64.2,11.371643931916164,64.2,11.371643931916164,17.000000000000004,1.309307341415954,0.0,0.0,0.0,0.0,1.0,0.0
172000.0,17.203125,9.569946624752546E-6,172000.0,0.9999951726035597,0.964958751092606,0.99,0.9761018253425803,0.9991951907741381,2.4129692832764507,0.9929026782268169,0.9858557284299858,0.9458983392048314,172000.0,3188136.0,15.0,0.5115438959678809,0.48845610403211925,240421.66666666672,353.27259136467893,182964.80000000002,31587.38508419369,127.93333333333332,22.826884734160867,64.46666666666667,11.413442367080435,64.46666666666667,11.413442367080435,17.000000000000004,1.309307341415954,0.0,0.0,0.0,0.0,1.0,0.0
173000.0,17.359375,9.69926205774148E-6,173000.0,0.9998773156667894,0.9629759219458348,0.991,0.978078721745908,0.9999951726035597,2.508771929824561,0.9926437809546744,0.9888111888111888,0.9514605480562396,173000.0,3199136.0,15.0,0.10335836415194058,0.8966416358480594,242019.2666666667,357.6944958773492,183691.7333333333,31329.476525348804,128.46666666666667,22.83439344080599,64.73333333333333,11.417196720402995,64.73333333333333,11.417196720402995,17.000000000000004,1.309307341415954,0.0,0.0,0.0,0.0,1.0,0.0
174000.0,17.5,9.815897695564973E-6,174000.0,0.9993405946981916,0.9603911240695299,0.994,0.985821502164584,0.9998773156667894,2.3112582781456954,0.9947608444017046,0.9928366762177651,0.9677568794589085,174000.0,3206056.0,15.0,0.27592474258462385,0.7240752574153763,243628.6,345.3205136432766,184148.8,31178.359058808725,129.0,22.690463698592477,65.0,11.345231849296239,65.0,11.345231849296239,17.000000000000004,1.309307341415954,0.0,0.0,0.0,0.0,1.0,0.0
175000.0,17.640625,9.93298735314359E-6,175000.0,0.9998631683371532,0.964880538508852,0.994,0.9854304571436897,0.9993405946981916,2.484320557491289,0.995783537087716,0.9915848527349228,0.9678564868670789,175000.0,3218536.0,15.0,0.5134358196905544,0.4865641803094456,245230.53333333335,360.05016846201113,184973.86666666667,31494.156986124686,129.66666666666669,22.874398248655528,65.33333333333334,11.437199124327764,65.33333333333334,11.437199124327764,17.066666666666666,1.2798809468443688,0.0,0.0,0.0,0.0,1.0,0.0
176000.0,17.796875,1.0063550046955542E-5,176000.0,0.999804011548978,0.958073553460237,0.991,0.9786334931864583,0.9998631683371532,2.3557046979865772,0.992616001057298,0.9886039886039886,0.9519475791772842,176000.0,3229992.0,15.0,0.3022907148409967,0.6977092851590032,246801.46666666665,363.04798318574836,185729.59999999998,31670.973634724724,130.6,22.655179161885766,65.8,11.327589580942883,65.8,11.327589580942883,17.066666666666666,1.2798809468443688,0.0,0.0,0.0,0.0,1.0,0.0
177000.0,17.953125,1.019483354563514E-5,177000.0,0.9999762356284964,0.9688493781945371,0.992,0.9811312744408961,0.999804011548978,2.3222591362126246,0.9942610716928598,0.9885550786838341,0.9574327371110777,177000.0,3247824.0,15.0,0.21713892921019196,0.7828610707898082,248354.46666666665,364.07237637329155,186908.80000000002,31799.94318773002,131.13333333333335,22.6837470659585,66.06666666666668,11.34187353297925,66.06666666666668,11.34187353297925,17.066666666666666,1.2798809468443688,0.0,0.0,0.0,0.0,1.0,0.0
178000.0,18.09375,1.0313813788040226E-5,178000.0,0.9983650112405478,0.9514588115923155,0.982,0.9576249240779889,0.9999762356284964,2.3222591362126246,0.9833354016370509,0.9799713876967096,0.9045462670559494,178000.0,3270504.0,15.0,0.39253540801351144,0.6074645919864887,250021.73333333334,356.1645820738073,188408.0,32414.71933727463,132.20000000000002,23.734242893218344,66.60000000000001,11.867121446609172,66.60000000000001,11.867121446609172,17.2,1.2649110640673515,0.0,0.0,0.0,0.0,1.0,0.0
179000.0,18.25,1.0446595487236559E-5,179000.0,0.9997605260763156,0.9664993759592939,0.994,0.98565945018332,0.9983650112405478,2.367003367003367,0.9937879092980756,0.9943100995732574,0.9682839677524141,179000.0,3284888.0,15.0,0.07491704836665,0.92508295163335,251577.26666666666,355.832518121069,189358.93333333332,33386.25453571889,132.86666666666667,24.18342604425798,66.93333333333334,12.09171302212899,66.93333333333334,12.09171302212899,17.333333333333332,1.234426799696735,0.0,0.0,0.0,0.0,1.0,0.0
180000.0,18.40625,1.0579933392970508E-5,180000.0,0.999907310856216,0.9698206566542082,0.995,0.9884435815652013,0.9997605260763156,2.1746031746031744,0.9954920987108635,0.9941605839416059,0.9736672713441394,180000.0,3298648.0,15.0,0.5630288121220877,0.43697118787791234,253055.19999999995,371.6907700917942,190268.2666666667,34197.637327466815,133.53333333333333,24.406868666325025,67.26666666666667,12.203434333162512,67.26666666666667,12.203434333162512,17.466666666666665,1.3020130933435712,0.0,0.0,0.0,0.0,1.0,0.0
181000.0,18.5625,1.0713889593413716E-5,181000.0,0.9991445477918935,0.9526806808930177,0.988,0.9719027460382872,0.999907310856216,2.289473684210526,0.99043319685018,0.9841954022988506,0.9370106142335131,181000.0,3313944.0,15.0,0.484717714373951,0.5152822856260489,254610.93333333332,386.71112634380574,191278.4,34769.36506425489,134.6,24.683134785864276,67.8,12.341567392932138,67.8,12.341567392932138,17.466666666666665,1.3020130933435712,0.0,0.0,0.0,0.0,1.0,0.0
182000.0,18.71875,1.0848026884357543E-5,182000.0,0.9996780967855665,0.9639755950867612,0.992,0.9797066597669309,0.9991445477918935,2.745318352059925,0.9933482034564909,0.990450204638472,0.9580995136550692,182000.0,3318424.0,15.0,0.09295248772307822,0.9070475122769218,256289.33333333334,395.32385759141107,191575.46666666665,34881.501601578915,134.7333333333333,24.85232575108607,67.86666666666665,12.426162875543035,67.86666666666665,12.426162875543035,17.466666666666665,1.3020130933435712,0.0,0.0,0.0,0.0,1.0,0.0
183000.0,18.875,1.0982352380071658E-5,183000.0,0.9996262491148006,0.9643873431742109,0.996,0.9901644503894877,0.9996780967855665,2.5211267605633805,0.995079957334439,0.9972067039106145,0.979105414894528,183000.0,3323080.0,15.0,0.22749378481621388,0.772506215183786,258002.53333333333,416.0715712241752,191882.66666666666,34940.24883930252,135.26666666666665,25.364391988620213,68.13333333333333,12.682195994310106,68.13333333333333,12.682195994310106,17.53333333333333,1.3557637102737474,0.0,0.0,0.0,0.0,1.0,0.0
184000.0,19.015625,1.1104118732166367E-5,184000.0,0.9993095238095238,0.9599982554314748,0.989,0.9739336492890995,0.9996262491148006,2.3333333333333335,0.9892854564208019,0.9885714285714285,0.9427164407211388,184000.0,3347088.0,15.0,0.29634707581886416,0.7036529241811359,259570.93333333332,412.6263385171864,193472.0,34829.5063087935,135.66666666666666,25.283158331942932,68.33333333333333,12.641579165971466,68.33333333333333,12.641579165971466,17.53333333333333,1.3557637102737474,0.0,0.0,0.0,0.0,1.0,0.0
185000.0,19.171875,1.1240087624173606E-5,185000.0,0.9995777027027027,0.9589231507141867,0.988,0.9714861422651409,0.9993095238095238,2.3783783783783785,0.9904793833209169,0.984375,0.937691206601364,185000.0,3363736.0,15.0,0.26353298340213777,0.7364670165978623,261163.73333333334,393.58144313591674,194572.26666666666,35595.78348919327,136.46666666666664,25.33734304107186,68.73333333333332,12.66867152053593,68.73333333333332,12.66867152053593,17.53333333333333,1.3557637102737474,0.0,0.0,0.0,0.0,1.0,0.0
186000.0,19.3125,1.1362785007804626E-5,186000.0,0.9997778660012099,0.9542270835100164,0.981,0.9557966833553574,0.9995777027027027,2.289473684210526,0.9853595942322547,0.9741379310344828,0.9016502936019813,186000.0,3372680.0,15.0,0.1784591804671805,0.8215408195328197,262642.6,395.01009028703544,195164.2666666667,35351.10849639384,136.73333333333332,25.22885724909549,68.86666666666666,12.614428624547745,68.86666666666666,12.614428624547745,17.53333333333333,1.3557637102737474,0.0,0.0,0.0,0.0,1.0,0.0
187000.0,19.46875,1.1499245107794795E-5,187000.0,0.9999819909864888,0.9663866991363159,0.994,0.9865538986970728,0.9997778660012099,2.003003003003003,0.9954920882413504,0.9910044977511244,0.9690619312855016,187000.0,3375888.0,15.0,0.2784790375500254,0.7215209624499747,264124.0666666667,397.3193150291501,195373.33333333334,35565.33846049441,137.66666666666666,25.853064661292137,69.33333333333333,12.926532330646069,69.33333333333333,12.926532330646069,17.53333333333333,1.3557637102737474,0.0,0.0,0.0,0.0,1.0,0.0
188000.0,19.609375,1.1622441622118149E-5,188000.0,0.999901222860981,0.9609337344496549,0.99,0.9755687592838714,0.9999819909864888,2.5460992907801416,0.9930117941889355,0.9860724233983287,0.9485607967604246,188000.0,3386400.0,15.0,0.38040793420134034,0.6195920657986597,265826.4,405.8806650799176,196067.2,36120.6187322421,138.33333333333331,25.63108232112685,69.66666666666666,12.815541160563425,69.66666666666666,12.815541160563425,17.53333333333333,1.3557637102737474,0.0,0.0,0.0,0.0,1.0,0.0
189000.0,19.78125,1.1773570052658512E-5,189000.0,0.9997530571524527,0.9647137189673155,0.992,0.9804132797962981,0.999901222860981,2.5460992907801416,0.9944133641090424,0.9888579387186629,0.9589465109964702,189000.0,3398880.0,15.0,0.1498188433677426,0.8501811566322575,267499.73333333334,409.1626408491726,196892.26666666663,36294.72939199431,138.99999999999997,25.523098781859773,70.0,12.761549390929881,70.0,12.761549390929881,17.53333333333333,1.3557637102737474,0.0,0.0,0.0,0.0,1.0,0.0
190000.0,19.921875,1.189788007953514E-5,190000.0,0.9979074393814278,0.9615276529868754,0.993,0.9835637538507777,0.9997530571524527,2.2467532467532467,0.9913294250534499,0.9956647398843931,0.9641876245355162,190000.0,3417008.0,15.0,0.35334525354491164,0.6466547464550882,269047.5999999999,395.5009120451893,198092.8,35983.89300625649,139.66666666666666,25.496965272267964,70.33333333333333,12.748482636133982,70.33333333333333,12.748482636133982,17.733333333333334,1.3345232785352152,0.0,0.0,0.0,0.0,1.0,0.0
191000.0,20.09375,1.2050853240200209E-5,191000.0,0.9999699735767476,0.9680284813974224,0.996,0.9900358708648864,0.9979074393814278,2.6231884057971016,0.9972337429718005,0.994475138121547,0.9795798364248677,191000.0,3440368.0,15.0,0.11312402965990542,0.8868759703400946,270684.3333333333,403.0183736801696,199635.73333333337,35864.03452618287,140.86666666666667,24.75556695448713,70.93333333333334,12.377783477243563,70.93333333333334,12.377783477243563,17.866666666666667,1.4074631010979939,0.0,0.0,0.0,0.0,1.0,0.0
192000.0,20.265625,1.2204788250124283E-5,192000.0,0.9994781684661947,0.962469835086331,0.989,0.974127143918938,0.9999699735767476,2.3112582781456954,0.9911657446601604,0.9856733524355301,0.9440025453388482,192000.0,3462000.0,15.0,0.3175275315935567,0.6824724684064433,272290.99999999994,418.393526308837,201066.66666666672,34920.95782246092,141.5333333333333,24.73247335175434,71.26666666666665,12.36623667587717,71.26666666666665,12.36623667587717,17.866666666666667,1.4074631010979939,0.0,0.0,0.0,0.0,1.0,0.0
193000.0,20.421875,1.234570511668506E-5,193000.0,0.9997221751332618,0.959599297238349,0.988,0.9719006406653928,0.9994781684661947,2.2679738562091503,0.9886126232821479,0.9870317002881844,0.9390878964809847,193000.0,3486144.0,15.0,0.23618437454390928,0.7638156254560908,273851.4666666667,411.1902351999599,202662.93333333332,34755.14848492989,142.46666666666664,25.17897838239178,71.73333333333332,12.58948919119589,71.73333333333332,12.58948919119589,17.866666666666667,1.4074631010979939,0.0,0.0,0.0,0.0,1.0,0.0
194000.0,20.578125,1.2487169458634317E-5,194000.0,0.9998827157175599,0.9671958723049694,0.994,0.9854002520889806,0.9997221751332618,2.484320557491289,0.9947499640347415,0.9929873772791024,0.9696154950533817,194000.0,3499688.0,15.0,0.3312590220643452,0.6687409779356548,275432.9333333333,398.6282669832896,203559.46666666667,34746.7349953646,142.73333333333332,25.21752980614496,71.86666666666666,12.60876490307248,71.86666666666666,12.60876490307248,17.866666666666667,1.4074631010979939,0.0,0.0,0.0,0.0,1.0,0.0
195000.0,20.734375,1.2628778996359965E-5,195000.0,0.9999230676764034,0.9653148435146105,0.991,0.9785530454675436,0.9998827157175599,2.389830508474576,0.9935965189920863,0.9872340425531915,0.9545383898041654,195000.0,3503280.0,15.0,0.21561677761202938,0.7843832223879708,277074.5333333333,383.4443276160884,203796.8,34303.70546248821,143.00000000000003,25.601339250683182,72.00000000000001,12.800669625341591,72.00000000000001,12.800669625341591,17.866666666666667,1.4074631010979939,0.0,0.0,0.0,0.0,1.0,0.0
196000.0,20.890625,1.2770869394039936E-5,196000.0,0.9998269022719077,0.9616189353931607,0.992,0.9808424531238775,0.9999230676764034,2.389830508474576,0.9923544729217861,0.9914893617021276,0.9596904804750764,196000.0,3515176.0,15.0,0.4407589128709949,0.5592410871290051,278672.3333333334,374.4524891981291,204582.4,34975.99414455578,143.79999999999998,26.151208658219115,72.39999999999999,13.075604329109558,72.39999999999999,13.075604329109558,17.866666666666667,1.4074631010979939,0.0,0.0,0.0,0.0,1.0,0.0
197000.0,21.046875,1.2913179040576015E-5,197000.0,0.9999,0.9612208190178483,0.989,0.974081055607917,0.9998269022719077,2.3333333333333335,0.9921117448582666,0.9842857142857143,0.944717977499426,197000.0,3520600.0,15.0,0.36865152496978,0.6313484750302201,280213.86666666664,375.01749800446913,204940.80000000005,35249.16498950212,144.0666666666667,26.239192786654815,72.53333333333335,13.119596393327408,72.53333333333335,13.119596393327408,17.866666666666667,1.4074631010979939,0.0,0.0,0.0,0.0,1.0,0.0
198000.0,21.203125,1.3055763233246069E-5,198000.0,0.999541188738269,0.958710479198062,0.989,0.9746192893401014,0.9999,2.1746031746031744,0.9893980924440592,0.9883211678832117,0.9448802955914359,198000.0,3527392.0,15.0,0.3214179832564876,0.6785820167435124,281766.19999999995,375.33836163425786,205388.8,35677.832964301124,144.73333333333335,26.347856152057677,72.86666666666667,13.173928076028838,72.86666666666667,13.173928076028838,17.866666666666667,1.4074631010979939,0.0,0.0,0.0,0.0,1.0,0.0
199000.0,21.375,1.3213543150211782E-5,199000.0,0.9998109518803372,0.9538626325576782,0.985,0.9657343360228072,0.999541188738269,2.1446540880503147,0.9873039007416266,0.9809384164222874,0.925060253062864,199000.0,3548472.0,15.0,0.3316847221729,0.6683152778271,283269.0,384.5284682011739,206784.53333333333,36172.54503836275,145.0,26.327606369414923,73.0,13.163803184707461,73.0,13.163803184707461,17.866666666666667,1.4074631010979939,0.0,0.0,0.0,0.0,1.0,0.0
200000.0,21.53125,1.3356949687780185E-5,200000.0,0.9997179801740063,0.9617280326959947,0.986,0.9673934814911427,0.9998109518803372,2.257328990228013,0.9880699027062428,0.9826839826839827,0.9302424076334737,200000.0,3547736.0,15.0,0.2088734213531704,0.7911265786468296,284800.2666666667,385.8357286771223,206735.46666666665,36167.04298878167,145.26666666666665,26.488452111025584,73.13333333333333,13.244226055512792,73.13333333333333,13.244226055512792,17.866666666666667,1.4074631010979939,0.0,0.0,0.0,0.0,1.0,0.0
